2025-09-12T06:12:19.608033Z 0 0 0 0
2025-09-12T06:12:19.630146Z 0 0 0 3
2025-09-12T06:12:19.639684Z 1 1 0 3
2025-09-12T06:12:19.653047Z 1 1 0 5
2025-09-12T06:12:19.675448Z 1 0 0 6
2025-09-12T06:12:19.685085Z 3 1 0 6
2025-09-12T06:12:19.697756Z 3 1 0 7
2025-09-12T06:12:19.720382Z 3 0 1 8
2025-09-12T06:12:19.743248Z 3 0 1 10
2025-09-12T06:12:19.752881Z 6 1 0 10
2025-09-12T06:12:19.766323Z 6 1 0 11
2025-09-12T06:12:19.788783Z 6 1 0 11
2025-09-12T06:12:19.811537Z 6 0 1 13
2025-09-12T06:12:19.825460Z 35 8 1 13
2025-09-12T06:12:19.839537Z 35 8 1 40
2025-09-12T06:12:19.856959Z 52 12 1 40
2025-09-12T06:12:19.871163Z 52 11 1 40
2025-09-12T06:12:19.902810Z 52 0 6 40
2025-09-12T06:12:19.932171Z 52 0 6 40
2025-09-12T06:12:19.961144Z 52 0 7 40
2025-09-12T06:12:19.990403Z 52 0 7 40
2025-09-12T06:12:20.020790Z 52 0 7 40
2025-09-12T06:12:20.050504Z 52 0 7 40
2025-09-12T06:12:20.081179Z 52 0 7 40
2025-09-12T06:12:20.111486Z 52 0 7 40
2025-09-12T06:12:20.141428Z 52 0 7 40
2025-09-12T06:12:20.170938Z 52 0 7 40
2025-09-12T06:12:20.200591Z 52 0 7 40
2025-09-12T06:12:20.230668Z 52 0 7 40
2025-09-12T06:12:20.260543Z 52 0 9 40
2025-09-12T06:12:20.291893Z 52 0 9 40
2025-09-12T06:12:20.322612Z 52 0 9 40
2025-09-12T06:12:20.353718Z 52 0 9 40
2025-09-12T06:12:20.384723Z 52 0 9 40
2025-09-12T06:12:20.415832Z 52 0 9 40
2025-09-12T06:12:20.446120Z 52 0 9 40
2025-09-12T06:12:20.462899Z 53 6 6 40
2025-09-12T06:12:20.477609Z 53 6 6 40
2025-09-12T06:12:20.508233Z 53 6 6 40
2025-09-12T06:12:20.525517Z 53 7 5 40
2025-09-12T06:12:20.539557Z 53 7 5 40
2025-09-12T06:12:20.570173Z 53 7 5 40
2025-09-12T06:12:20.600443Z 53 7 5 40
2025-09-12T06:12:20.631084Z 53 7 5 40
2025-09-12T06:12:20.661473Z 53 7 5 40
2025-09-12T06:12:20.691567Z 53 7 5 40
2025-09-12T06:12:20.721731Z 53 7 5 40
2025-09-12T06:12:20.751636Z 53 7 5 40
2025-09-12T06:12:20.781944Z 53 7 5 40
2025-09-12T06:12:20.812508Z 53 7 5 40
2025-09-12T06:12:20.841734Z 53 7 5 40
2025-09-12T06:12:20.871946Z 53 7 5 40
2025-09-12T06:12:20.888749Z 54 7 5 40
2025-09-12T06:12:20.902940Z 54 7 5 40
2025-09-12T06:12:20.933838Z 54 7 5 40
2025-09-12T06:12:20.964113Z 54 7 5 40
2025-09-12T06:12:20.994088Z 54 7 5 40
2025-09-12T06:12:21.024182Z 54 7 5 40
2025-09-12T06:12:21.055203Z 54 7 5 40
2025-09-12T06:12:21.085179Z 54 7 5 40
2025-09-12T06:12:21.115655Z 54 7 5 40
2025-09-12T06:12:21.146251Z 54 7 5 40
2025-09-12T06:12:21.175970Z 54 7 5 40
2025-09-12T06:12:21.206576Z 54 0 6 40
2025-09-12T06:12:21.237424Z 54 0 6 40
2025-09-12T06:12:21.267804Z 54 0 6 40
2025-09-12T06:12:21.297701Z 54 0 6 40
2025-09-12T06:12:21.327534Z 54 0 6 40
2025-09-12T06:12:21.357553Z 54 0 6 40
2025-09-12T06:12:21.387573Z 54 0 6 40
2025-09-12T06:12:21.418743Z 54 0 6 40
2025-09-12T06:12:21.448942Z 54 0 6 40
2025-09-12T06:12:21.478879Z 54 0 6 40
2025-09-12T06:12:21.508953Z 54 0 6 40
2025-09-12T06:12:21.539262Z 54 0 6 40
2025-09-12T06:12:21.569156Z 54 0 6 40
2025-09-12T06:12:21.598509Z 54 0 6 40
2025-09-12T06:12:21.629223Z 54 0 6 40
2025-09-12T06:12:21.659204Z 54 0 6 40
2025-09-12T06:12:21.689524Z 54 0 6 40
2025-09-12T06:12:21.719565Z 54 0 6 40
2025-09-12T06:12:21.750476Z 54 0 6 40
2025-09-12T06:12:21.780446Z 54 0 6 40
2025-09-12T06:12:21.810552Z 54 0 6 40
2025-09-12T06:12:21.840402Z 54 0 6 40
2025-09-12T06:12:21.869769Z 54 0 6 40
2025-09-12T06:12:21.899857Z 54 0 6 40
2025-09-12T06:12:21.929485Z 54 0 6 40
2025-09-12T06:12:21.959825Z 54 0 6 40
2025-09-12T06:12:21.990087Z 54 0 6 40
2025-09-12T06:12:22.020071Z 54 0 6 40
2025-09-12T06:12:22.050087Z 54 0 6 40
2025-09-12T06:12:22.079944Z 54 0 6 40
2025-09-12T06:12:22.110071Z 54 0 6 40
2025-09-12T06:12:22.140033Z 54 0 6 40
2025-09-12T06:12:22.169414Z 54 0 6 40
2025-09-12T06:12:22.199186Z 54 0 6 40
2025-09-12T06:12:22.228543Z 54 0 6 40
2025-09-12T06:12:22.259247Z 54 0 6 40
2025-09-12T06:12:22.289455Z 54 0 6 40
2025-09-12T06:12:22.319474Z 54 0 6 40
2025-09-12T06:12:22.349654Z 54 0 6 40
2025-09-12T06:12:22.379665Z 54 0 6 40
2025-09-12T06:12:22.409796Z 54 0 6 40
2025-09-12T06:12:22.439910Z 54 0 6 40
2025-09-12T06:12:22.469613Z 54 0 6 40
2025-09-12T06:12:22.499688Z 54 0 6 40
2025-09-12T06:12:22.528747Z 54 0 6 40
2025-09-12T06:12:22.559085Z 54 0 6 40
2025-09-12T06:12:22.589110Z 54 0 6 40
2025-09-12T06:12:22.618915Z 54 0 6 40
2025-09-12T06:12:22.648359Z 54 0 6 40
2025-09-12T06:12:22.678368Z 54 0 6 40
2025-09-12T06:12:22.709237Z 54 0 6 40
2025-09-12T06:12:22.738484Z 54 0 6 40
2025-09-12T06:12:22.768442Z 54 0 6 40
2025-09-12T06:12:22.798533Z 54 0 6 40
2025-09-12T06:12:22.828858Z 54 0 6 40
2025-09-12T06:12:22.859433Z 54 0 6 40
2025-09-12T06:12:22.889554Z 54 0 6 40
2025-09-12T06:12:22.919707Z 54 0 6 40
2025-09-12T06:12:22.949450Z 54 0 6 40
2025-09-12T06:12:22.979173Z 54 0 6 40
2025-09-12T06:12:23.010034Z 54 0 6 40
2025-09-12T06:12:23.039970Z 54 0 6 40
2025-09-12T06:12:23.070074Z 54 0 6 40
2025-09-12T06:12:23.099976Z 54 0 6 40
2025-09-12T06:12:23.130200Z 54 0 6 40
2025-09-12T06:12:23.160074Z 54 0 6 40
2025-09-12T06:12:23.190706Z 54 0 6 40
2025-09-12T06:12:23.220504Z 54 0 6 40
2025-09-12T06:12:23.251203Z 54 0 6 40
2025-09-12T06:12:23.281478Z 54 0 9 40
2025-09-12T06:12:23.312249Z 54 0 9 40
2025-09-12T06:12:23.328780Z 54 4 7 40
2025-09-12T06:12:23.342530Z 54 4 7 40
2025-09-12T06:12:23.373634Z 54 4 7 40
2025-09-12T06:12:23.403708Z 54 4 7 40
2025-09-12T06:12:23.433308Z 54 4 7 40
2025-09-12T06:12:23.464720Z 54 4 7 40
2025-09-12T06:12:23.496500Z 54 4 7 40
2025-09-12T06:12:23.528220Z 54 4 7 40
2025-09-12T06:12:23.557493Z 54 4 7 40
2025-09-12T06:12:23.586675Z 54 4 7 40
2025-09-12T06:12:23.615897Z 54 4 7 40
2025-09-12T06:12:23.645564Z 54 4 7 40
2025-09-12T06:12:23.675354Z 54 4 7 40
2025-09-12T06:12:23.705401Z 54 4 7 40
2025-09-12T06:12:23.734815Z 54 4 7 40
2025-09-12T06:12:23.764200Z 54 4 7 40
2025-09-12T06:12:23.793989Z 54 4 7 40
2025-09-12T06:12:23.823367Z 54 4 7 40
2025-09-12T06:12:23.854001Z 54 4 7 40
2025-09-12T06:12:23.884055Z 54 4 7 40
2025-09-12T06:12:23.912817Z 54 4 7 40
2025-09-12T06:12:23.941853Z 54 4 7 40
2025-09-12T06:12:23.971275Z 54 4 7 40
2025-09-12T06:12:24.001110Z 54 4 7 40
2025-09-12T06:12:24.031021Z 54 4 7 40
2025-09-12T06:12:24.061187Z 54 4 7 40
2025-09-12T06:12:24.091504Z 54 4 7 40
2025-09-12T06:12:24.121543Z 54 4 7 40
2025-09-12T06:12:24.152831Z 54 4 7 40
2025-09-12T06:12:24.183001Z 54 4 7 40
2025-09-12T06:12:24.213499Z 54 4 7 40
2025-09-12T06:12:24.243657Z 54 4 7 40
2025-09-12T06:12:24.272804Z 54 4 7 40
2025-09-12T06:12:24.302751Z 54 4 7 40
2025-09-12T06:12:24.332738Z 54 4 7 40
2025-09-12T06:12:24.361975Z 54 4 7 40
2025-09-12T06:12:24.391748Z 54 4 7 40
2025-09-12T06:12:24.421961Z 54 4 7 40
2025-09-12T06:12:24.451195Z 54 4 7 40
2025-09-12T06:12:24.480240Z 54 4 7 40
2025-09-12T06:12:24.509193Z 54 4 7 40
2025-09-12T06:12:24.538932Z 54 4 7 40
2025-09-12T06:12:24.569110Z 54 4 7 40
2025-09-12T06:12:24.599247Z 54 4 7 40
2025-09-12T06:12:24.629298Z 54 4 7 40
2025-09-12T06:12:24.661300Z 54 4 7 40
2025-09-12T06:12:24.691138Z 54 4 7 40
2025-09-12T06:12:24.720755Z 54 4 7 40
2025-09-12T06:12:24.751152Z 54 4 7 40
2025-09-12T06:12:24.781424Z 54 4 7 40
2025-09-12T06:12:24.811334Z 54 4 7 40
2025-09-12T06:12:24.840927Z 54 4 7 40
2025-09-12T06:12:24.871417Z 54 4 7 40
2025-09-12T06:12:24.900612Z 54 4 7 40
2025-09-12T06:12:24.929413Z 54 4 7 40
2025-09-12T06:12:24.959857Z 54 4 7 40
2025-09-12T06:12:24.991035Z 54 4 7 40
2025-09-12T06:12:25.022503Z 54 4 7 40
2025-09-12T06:12:25.052384Z 54 4 7 40
2025-09-12T06:12:25.082058Z 54 4 7 40
2025-09-12T06:12:25.112610Z 54 4 7 40
2025-09-12T06:12:25.143078Z 54 4 7 40
2025-09-12T06:12:25.174353Z 54 4 7 40
2025-09-12T06:12:25.205228Z 54 4 7 40
2025-09-12T06:12:25.234533Z 54 4 7 40
2025-09-12T06:12:25.264273Z 54 4 7 40
2025-09-12T06:12:25.294477Z 54 4 7 40
2025-09-12T06:12:25.324537Z 54 4 7 40
2025-09-12T06:12:25.353850Z 54 4 7 40
2025-09-12T06:12:25.383693Z 54 4 7 40
2025-09-12T06:12:25.413683Z 54 4 7 40
2025-09-12T06:12:25.443683Z 54 4 7 40
2025-09-12T06:12:25.472406Z 54 4 7 40
2025-09-12T06:12:25.503664Z 54 4 7 40
2025-09-12T06:12:25.534296Z 54 4 7 40
2025-09-12T06:12:25.564809Z 54 4 7 40
2025-09-12T06:12:25.595125Z 54 4 7 40
2025-09-12T06:12:25.625253Z 54 4 7 40
2025-09-12T06:12:25.655157Z 54 4 7 40
2025-09-12T06:12:25.685336Z 54 4 7 40
2025-09-12T06:12:25.715204Z 54 4 7 40
2025-09-12T06:12:25.746252Z 54 4 7 40
2025-09-12T06:12:25.776442Z 54 4 7 40
2025-09-12T06:12:25.807213Z 54 4 7 40
2025-09-12T06:12:25.837352Z 54 4 7 40
2025-09-12T06:12:25.867560Z 54 4 7 40
2025-09-12T06:12:25.898421Z 54 4 7 40
2025-09-12T06:12:25.928827Z 54 4 7 40
2025-09-12T06:12:25.959605Z 54 4 7 40
2025-09-12T06:12:25.989711Z 54 4 7 40
2025-09-12T06:12:26.020943Z 54 4 7 40
2025-09-12T06:12:26.050818Z 54 4 7 40
2025-09-12T06:12:26.067436Z 54 5 6 40
2025-09-12T06:12:26.081883Z 54 5 6 40
2025-09-12T06:12:26.111979Z 54 5 6 40
2025-09-12T06:12:26.141947Z 54 5 6 40
2025-09-12T06:12:26.172393Z 54 5 6 40
2025-09-12T06:12:26.202906Z 54 5 6 40
2025-09-12T06:12:26.233376Z 54 5 6 40
2025-09-12T06:12:26.264382Z 54 5 6 40
2025-09-12T06:12:26.293774Z 54 5 6 40
2025-09-12T06:12:26.324213Z 54 5 6 40
2025-09-12T06:12:26.353731Z 54 5 6 40
2025-09-12T06:12:26.383534Z 54 5 6 40
2025-09-12T06:12:26.413648Z 54 5 6 40
2025-09-12T06:12:26.444633Z 54 5 6 40
2025-09-12T06:12:26.474807Z 54 5 6 40
2025-09-12T06:12:26.505659Z 54 5 6 40
2025-09-12T06:12:26.536898Z 54 5 6 40
2025-09-12T06:12:26.569621Z 54 5 6 40
2025-09-12T06:12:26.599445Z 54 5 6 40
2025-09-12T06:12:26.630068Z 54 5 6 40
2025-09-12T06:12:26.660203Z 54 5 6 40
2025-09-12T06:12:26.691008Z 54 5 6 40
2025-09-12T06:12:26.721498Z 54 5 6 40
2025-09-12T06:12:26.752156Z 54 5 6 40
2025-09-12T06:12:26.783302Z 54 5 6 40
2025-09-12T06:12:26.813420Z 54 5 6 40
2025-09-12T06:12:26.843345Z 54 5 6 40
2025-09-12T06:12:26.873475Z 54 5 6 40
2025-09-12T06:12:26.904478Z 54 5 6 40
2025-09-12T06:12:26.934751Z 54 5 6 40
2025-09-12T06:12:26.965530Z 54 5 6 40
2025-09-12T06:12:26.995978Z 54 5 6 40
2025-09-12T06:12:27.027522Z 54 5 6 40
2025-09-12T06:12:27.058717Z 54 5 6 40
2025-09-12T06:12:27.088791Z 54 5 6 40
2025-09-12T06:12:27.118839Z 54 5 6 40
2025-09-12T06:12:27.148155Z 54 5 6 40
2025-09-12T06:12:27.178211Z 54 5 6 40
2025-09-12T06:12:27.208159Z 54 5 6 40
2025-09-12T06:12:27.238961Z 54 5 6 40
2025-09-12T06:12:27.269257Z 54 5 6 40
2025-09-12T06:12:27.299489Z 54 5 6 40
2025-09-12T06:12:27.329528Z 54 5 6 40
2025-09-12T06:12:27.360417Z 54 5 6 40
2025-09-12T06:12:27.391440Z 54 5 6 40
2025-09-12T06:12:27.421486Z 54 5 6 40
2025-09-12T06:12:27.452244Z 54 5 6 40
2025-09-12T06:12:27.481162Z 54 5 6 40
2025-09-12T06:12:27.511416Z 54 5 6 40
2025-09-12T06:12:27.541447Z 54 5 6 40
2025-09-12T06:12:27.571397Z 54 5 6 40
2025-09-12T06:12:27.601195Z 54 5 6 40
2025-09-12T06:12:27.631596Z 54 5 6 40
2025-09-12T06:12:27.661820Z 54 5 6 40
2025-09-12T06:12:27.691869Z 54 5 6 40
2025-09-12T06:12:27.721784Z 54 5 6 40
2025-09-12T06:12:27.751987Z 54 5 6 40
2025-09-12T06:12:27.782887Z 54 5 6 40
2025-09-12T06:12:27.814048Z 54 5 6 40
2025-09-12T06:12:27.844385Z 54 5 6 40
2025-09-12T06:12:27.874374Z 54 5 6 40
2025-09-12T06:12:27.905443Z 54 5 6 40
2025-09-12T06:12:27.936549Z 54 5 6 40
2025-09-12T06:12:27.966683Z 54 5 6 40
2025-09-12T06:12:27.997458Z 54 5 6 40
2025-09-12T06:12:28.028527Z 54 5 6 40
2025-09-12T06:12:28.058709Z 54 5 6 40
2025-09-12T06:12:28.089514Z 54 5 6 40
2025-09-12T06:12:28.119625Z 54 5 6 40
2025-09-12T06:12:28.149783Z 54 5 6 40
2025-09-12T06:12:28.178900Z 54 5 6 40
2025-09-12T06:12:28.209230Z 54 5 6 40
2025-09-12T06:12:28.241699Z 54 5 6 40
2025-09-12T06:12:28.272024Z 54 5 6 40
2025-09-12T06:12:28.301864Z 54 5 6 40
2025-09-12T06:12:28.331724Z 54 5 6 40
2025-09-12T06:12:28.361233Z 54 5 6 40
2025-09-12T06:12:28.390638Z 54 5 6 40
2025-09-12T06:12:28.419725Z 54 5 6 40
2025-09-12T06:12:28.450326Z 54 5 6 40
2025-09-12T06:12:28.480618Z 54 5 6 40
2025-09-12T06:12:28.510621Z 54 5 6 40
2025-09-12T06:12:28.540128Z 54 5 6 40
2025-09-12T06:12:28.570315Z 54 5 6 40
2025-09-12T06:12:28.600405Z 54 5 6 40
2025-09-12T06:12:28.630508Z 54 5 6 40
2025-09-12T06:12:28.660561Z 54 5 6 40
2025-09-12T06:12:28.690616Z 54 5 6 40
2025-09-12T06:12:28.720692Z 54 5 6 40
2025-09-12T06:12:28.751014Z 54 5 6 40
2025-09-12T06:12:28.780926Z 54 5 6 40
2025-09-12T06:12:28.809757Z 54 5 6 40
2025-09-12T06:12:28.839884Z 54 5 6 40
2025-09-12T06:12:28.870025Z 54 5 6 40
2025-09-12T06:12:28.899648Z 54 5 6 40
2025-09-12T06:12:28.931166Z 54 5 6 40
2025-09-12T06:12:28.960113Z 54 5 6 40
2025-09-12T06:12:28.990173Z 54 5 6 40
2025-09-12T06:12:29.020430Z 54 5 6 40
2025-09-12T06:12:29.051883Z 54 5 6 40
2025-09-12T06:12:29.082226Z 54 5 6 40
2025-09-12T06:12:29.113291Z 54 5 6 40
2025-09-12T06:12:29.143734Z 54 5 6 40
2025-09-12T06:12:29.173489Z 54 5 6 40
2025-09-12T06:12:29.204830Z 54 5 6 40
2025-09-12T06:12:29.235545Z 54 5 6 40
2025-09-12T06:12:29.265602Z 54 5 6 40
2025-09-12T06:12:29.295703Z 54 5 6 40
2025-09-12T06:12:29.325861Z 54 5 6 40
2025-09-12T06:12:29.355806Z 54 5 6 40
2025-09-12T06:12:29.385477Z 54 5 6 40
2025-09-12T06:12:29.414808Z 54 5 6 40
2025-09-12T06:12:29.444397Z 54 5 6 40
2025-09-12T06:12:29.473677Z 54 5 6 40
2025-09-12T06:12:29.503623Z 54 5 6 40
2025-09-12T06:12:29.533098Z 54 5 6 40
2025-09-12T06:12:29.564286Z 54 5 6 40
2025-09-12T06:12:29.594498Z 54 5 6 40
2025-09-12T06:12:29.624526Z 54 5 6 40
2025-09-12T06:12:29.654806Z 54 5 6 40
2025-09-12T06:12:29.685603Z 54 5 6 40
2025-09-12T06:12:29.716744Z 54 5 6 40
2025-09-12T06:12:29.746774Z 54 5 6 40
2025-09-12T06:12:29.776917Z 54 5 6 40
2025-09-12T06:12:29.806827Z 54 5 6 40
2025-09-12T06:12:29.836705Z 54 5 6 40
2025-09-12T06:12:29.867100Z 54 5 6 40
2025-09-12T06:12:29.897071Z 54 5 6 40
2025-09-12T06:12:29.927073Z 54 5 6 40
2025-09-12T06:12:29.957255Z 54 5 6 40
2025-09-12T06:12:29.987832Z 54 5 6 40
2025-09-12T06:12:30.018375Z 54 5 6 40
2025-09-12T06:12:30.048569Z 54 5 6 40
2025-09-12T06:12:30.078394Z 54 5 6 40
2025-09-12T06:12:30.108358Z 54 5 6 40
2025-09-12T06:12:30.138428Z 54 5 6 40
2025-09-12T06:12:30.168399Z 54 5 6 40
2025-09-12T06:12:30.198458Z 54 5 6 40
2025-09-12T06:12:30.228549Z 54 5 6 40
2025-09-12T06:12:30.258728Z 54 5 6 40
2025-09-12T06:12:30.288376Z 54 5 6 40
2025-09-12T06:12:30.321669Z 54 5 6 40
2025-09-12T06:12:30.355599Z 54 5 6 40
2025-09-12T06:12:30.388101Z 54 5 6 40
2025-09-12T06:12:30.417869Z 54 5 6 40
2025-09-12T06:12:30.447629Z 54 5 6 40
2025-09-12T06:12:30.478381Z 54 5 6 40
2025-09-12T06:12:30.508239Z 54 5 6 40
2025-09-12T06:12:30.538786Z 54 5 6 40
2025-09-12T06:12:30.570192Z 54 5 6 40
2025-09-12T06:12:30.601363Z 54 5 6 40
2025-09-12T06:12:30.632277Z 54 5 6 40
2025-09-12T06:12:30.662410Z 54 5 6 40
2025-09-12T06:12:30.692788Z 54 5 6 40
2025-09-12T06:12:30.722628Z 54 5 6 40
2025-09-12T06:12:30.752705Z 54 5 6 40
2025-09-12T06:12:30.782873Z 54 5 6 40
2025-09-12T06:12:30.812578Z 54 5 6 40
2025-09-12T06:12:30.842991Z 54 5 6 40
2025-09-12T06:12:30.873050Z 54 5 6 40
2025-09-12T06:12:30.902879Z 54 5 6 40
2025-09-12T06:12:30.932833Z 54 5 6 40
2025-09-12T06:12:30.962907Z 54 5 6 40
2025-09-12T06:12:30.994018Z 54 5 6 40
2025-09-12T06:12:31.024997Z 54 5 6 40
2025-09-12T06:12:31.055086Z 54 5 6 40
2025-09-12T06:12:31.085147Z 54 5 6 40
2025-09-12T06:12:31.115323Z 54 5 6 40
2025-09-12T06:12:31.145322Z 54 5 6 40
2025-09-12T06:12:31.176272Z 54 5 6 40
2025-09-12T06:12:31.206280Z 54 5 6 40
2025-09-12T06:12:31.236360Z 54 5 6 40
2025-09-12T06:12:31.266435Z 54 5 6 40
2025-09-12T06:12:31.296498Z 54 5 6 40
2025-09-12T06:12:31.326551Z 54 5 6 40
2025-09-12T06:12:31.356914Z 54 5 6 40
2025-09-12T06:12:31.387826Z 54 5 6 40
2025-09-12T06:12:31.417853Z 54 5 6 40
2025-09-12T06:12:31.448136Z 54 5 6 40
2025-09-12T06:12:31.478083Z 54 5 6 40
2025-09-12T06:12:31.507630Z 54 5 6 40
2025-09-12T06:12:31.538269Z 54 5 6 40
2025-09-12T06:12:31.568224Z 54 5 6 40
2025-09-12T06:12:31.599290Z 54 5 6 40
2025-09-12T06:12:31.629499Z 54 5 6 40
2025-09-12T06:12:31.659572Z 54 5 6 40
2025-09-12T06:12:31.689393Z 54 5 6 40
2025-09-12T06:12:31.719558Z 54 5 6 40
2025-09-12T06:12:31.749728Z 54 5 6 40
2025-09-12T06:12:31.779627Z 54 5 6 40
2025-09-12T06:12:31.809630Z 54 5 6 40
2025-09-12T06:12:31.839707Z 54 5 6 40
2025-09-12T06:12:31.869688Z 54 5 6 40
2025-09-12T06:12:31.899766Z 54 5 6 40
2025-09-12T06:12:31.930780Z 54 5 6 40
2025-09-12T06:12:31.960886Z 54 5 6 40
2025-09-12T06:12:31.990990Z 54 5 6 40
2025-09-12T06:12:32.021261Z 54 5 6 40
2025-09-12T06:12:32.052236Z 54 5 6 40
2025-09-12T06:12:32.082171Z 54 5 6 40
2025-09-12T06:12:32.113086Z 54 5 6 40
2025-09-12T06:12:32.143350Z 54 5 6 40
2025-09-12T06:12:32.173291Z 54 5 6 40
2025-09-12T06:12:32.203336Z 54 5 6 40
2025-09-12T06:12:32.234378Z 54 5 6 40
2025-09-12T06:12:32.264650Z 54 5 6 40
2025-09-12T06:12:32.294704Z 54 5 6 40
2025-09-12T06:12:32.324717Z 54 5 6 40
2025-09-12T06:12:32.353462Z 54 5 6 40
2025-09-12T06:12:32.383743Z 54 5 6 40
2025-09-12T06:12:32.413802Z 54 5 6 40
2025-09-12T06:12:32.443743Z 54 5 6 40
2025-09-12T06:12:32.474449Z 54 5 6 40
2025-09-12T06:12:32.504124Z 54 5 6 40
2025-09-12T06:12:32.534334Z 54 5 6 40
2025-09-12T06:12:32.565229Z 54 5 6 40
2025-09-12T06:12:32.594328Z 54 5 6 40
2025-09-12T06:12:32.623748Z 54 5 6 40
2025-09-12T06:12:32.654191Z 54 5 6 40
2025-09-12T06:12:32.684730Z 54 5 6 40
2025-09-12T06:12:32.714491Z 54 5 6 40
2025-09-12T06:12:32.744433Z 54 5 6 40
2025-09-12T06:12:32.774431Z 54 5 6 40
2025-09-12T06:12:32.804647Z 54 5 6 40
2025-09-12T06:12:32.834650Z 54 5 6 40
2025-09-12T06:12:32.864995Z 54 5 6 40
2025-09-12T06:12:32.895467Z 54 5 6 40
2025-09-12T06:12:32.925754Z 54 5 6 40
2025-09-12T06:12:32.955976Z 54 5 6 40
2025-09-12T06:12:32.985855Z 54 5 6 40
2025-09-12T06:12:33.015300Z 54 5 6 40
2025-09-12T06:12:33.045175Z 54 5 6 40
2025-09-12T06:12:33.075397Z 54 5 6 40
2025-09-12T06:12:33.106207Z 54 5 6 40
2025-09-12T06:12:33.136016Z 54 5 6 40
2025-09-12T06:12:33.166481Z 54 5 6 40
2025-09-12T06:12:33.197109Z 54 5 6 40
2025-09-12T06:12:33.227249Z 54 5 6 40
2025-09-12T06:12:33.257299Z 54 5 6 40
2025-09-12T06:12:33.287569Z 54 5 6 40
2025-09-12T06:12:33.317820Z 54 5 6 40
2025-09-12T06:12:33.347728Z 54 5 6 40
2025-09-12T06:12:33.377657Z 54 5 6 40
2025-09-12T06:12:33.408611Z 54 5 6 40
2025-09-12T06:12:33.438572Z 54 5 6 40
2025-09-12T06:12:33.468863Z 54 5 6 40
2025-09-12T06:12:33.499090Z 54 5 6 40
2025-09-12T06:12:33.528967Z 54 5 6 40
2025-09-12T06:12:33.560039Z 54 5 6 40
2025-09-12T06:12:33.589974Z 54 5 6 40
2025-09-12T06:12:33.619986Z 54 5 6 40
2025-09-12T06:12:33.650280Z 54 5 6 40
2025-09-12T06:12:33.680375Z 54 5 6 40
2025-09-12T06:12:33.710299Z 54 5 6 40
2025-09-12T06:12:33.740241Z 54 5 6 40
2025-09-12T06:12:33.770529Z 54 5 6 40
2025-09-12T06:12:33.800462Z 54 5 6 40
2025-09-12T06:12:33.830598Z 54 5 6 40
2025-09-12T06:12:33.860544Z 54 5 6 40
2025-09-12T06:12:33.890562Z 54 5 6 40
2025-09-12T06:12:33.920583Z 54 5 6 40
2025-09-12T06:12:33.950929Z 54 5 6 40
2025-09-12T06:12:33.981098Z 54 5 6 40
2025-09-12T06:12:34.011203Z 54 5 6 40
2025-09-12T06:12:34.040980Z 54 5 6 40
2025-09-12T06:12:34.071145Z 54 5 6 40
2025-09-12T06:12:34.100972Z 54 5 6 40
2025-09-12T06:12:34.131010Z 54 5 6 40
2025-09-12T06:12:34.161995Z 54 5 6 40
2025-09-12T06:12:34.191488Z 54 5 6 40
2025-09-12T06:12:34.222102Z 54 5 6 40
2025-09-12T06:12:34.252476Z 54 5 6 40
2025-09-12T06:12:34.282507Z 54 5 6 40
2025-09-12T06:12:34.312686Z 54 5 6 40
2025-09-12T06:12:34.343388Z 54 5 6 40
2025-09-12T06:12:34.373446Z 54 5 6 40
2025-09-12T06:12:34.403534Z 54 5 6 40
2025-09-12T06:12:34.433695Z 54 5 6 40
2025-09-12T06:12:34.463701Z 54 5 6 40
2025-09-12T06:12:34.493998Z 54 5 6 40
2025-09-12T06:12:34.523899Z 54 5 6 40
2025-09-12T06:12:34.555566Z 54 5 6 40
2025-09-12T06:12:34.585760Z 54 5 6 40
2025-09-12T06:12:34.615891Z 54 5 6 40
2025-09-12T06:12:34.645970Z 54 5 6 40
2025-09-12T06:12:34.676441Z 54 5 6 40
2025-09-12T06:12:34.706319Z 54 5 6 40
2025-09-12T06:12:34.736313Z 54 5 6 40
2025-09-12T06:12:34.766558Z 54 5 6 40
2025-09-12T06:12:34.797246Z 54 5 6 40
2025-09-12T06:12:34.827420Z 54 5 6 40
2025-09-12T06:12:34.857592Z 54 5 6 40
2025-09-12T06:12:34.887506Z 54 5 6 40
2025-09-12T06:12:34.917581Z 54 5 6 40
2025-09-12T06:12:34.948613Z 54 5 6 40
2025-09-12T06:12:34.979432Z 54 5 6 40
2025-09-12T06:12:35.009951Z 54 5 6 40
2025-09-12T06:12:35.039817Z 54 5 6 40
2025-09-12T06:12:35.070754Z 54 5 6 40
2025-09-12T06:12:35.100947Z 54 5 6 40
2025-09-12T06:12:35.130978Z 54 5 6 40
2025-09-12T06:12:35.162065Z 54 5 6 40
2025-09-12T06:12:35.191081Z 54 5 6 40
2025-09-12T06:12:35.220694Z 54 5 6 40
2025-09-12T06:12:35.250569Z 54 5 6 40
2025-09-12T06:12:35.280044Z 54 5 6 40
2025-09-12T06:12:35.309878Z 54 5 6 40
2025-09-12T06:12:35.340488Z 54 5 6 40
2025-09-12T06:12:35.370455Z 54 5 6 40
2025-09-12T06:12:35.401400Z 54 5 6 40
2025-09-12T06:12:35.431723Z 54 5 6 40
2025-09-12T06:12:35.461821Z 54 5 6 40
2025-09-12T06:12:35.491648Z 54 5 6 40
2025-09-12T06:12:35.521966Z 54 5 6 40
2025-09-12T06:12:35.551259Z 54 5 6 40
2025-09-12T06:12:35.581763Z 54 5 6 40
2025-09-12T06:12:35.611765Z 54 5 6 40
2025-09-12T06:12:35.641276Z 54 5 6 40
2025-09-12T06:12:35.672046Z 54 5 6 40
2025-09-12T06:12:35.702080Z 54 5 6 40
2025-09-12T06:12:35.732338Z 54 5 6 40
2025-09-12T06:12:35.763158Z 54 5 6 40
2025-09-12T06:12:35.793165Z 54 5 6 40
2025-09-12T06:12:35.823250Z 54 5 6 40
2025-09-12T06:12:35.853317Z 54 5 6 40
2025-09-12T06:12:35.869744Z 54 6 5 40
2025-09-12T06:12:35.884459Z 54 6 5 40
2025-09-12T06:12:35.914484Z 54 6 5 40
2025-09-12T06:12:35.944555Z 54 6 5 40
2025-09-12T06:12:35.974610Z 54 6 5 40
2025-09-12T06:12:36.004921Z 54 6 5 40
2025-09-12T06:12:36.034790Z 54 6 5 40
2025-09-12T06:12:36.064895Z 54 6 5 40
2025-09-12T06:12:36.094868Z 54 6 5 40
2025-09-12T06:12:36.124828Z 54 6 5 40
2025-09-12T06:12:36.154897Z 54 6 5 40
2025-09-12T06:12:36.184936Z 54 6 5 40
2025-09-12T06:12:36.215003Z 54 6 5 40
2025-09-12T06:12:36.246051Z 54 6 5 40
2025-09-12T06:12:36.276328Z 54 6 5 40
2025-09-12T06:12:36.306273Z 54 6 5 40
2025-09-12T06:12:36.336459Z 54 6 5 40
2025-09-12T06:12:36.367264Z 54 6 5 40
2025-09-12T06:12:36.397609Z 54 6 5 40
2025-09-12T06:12:36.427305Z 54 6 5 40
2025-09-12T06:12:36.457623Z 54 6 5 40
2025-09-12T06:12:36.487536Z 54 6 5 40
2025-09-12T06:12:36.517598Z 54 6 5 40
2025-09-12T06:12:36.547619Z 54 6 5 40
2025-09-12T06:12:36.577416Z 54 6 5 40
2025-09-12T06:12:36.606797Z 54 6 5 40
2025-09-12T06:12:36.636989Z 54 6 5 40
2025-09-12T06:12:36.667181Z 54 6 5 40
2025-09-12T06:12:36.697978Z 54 6 5 40
2025-09-12T06:12:36.728122Z 54 6 5 40
2025-09-12T06:12:36.759144Z 54 6 5 40
2025-09-12T06:12:36.789464Z 54 6 5 40
2025-09-12T06:12:36.820360Z 54 6 5 40
2025-09-12T06:12:36.851251Z 54 6 5 40
2025-09-12T06:12:36.882425Z 54 6 5 40
2025-09-12T06:12:36.911994Z 54 6 5 40
2025-09-12T06:12:36.941725Z 54 6 5 40
2025-09-12T06:12:36.971537Z 54 6 5 40
2025-09-12T06:12:37.001529Z 54 6 5 40
2025-09-12T06:12:37.031837Z 54 6 5 40
2025-09-12T06:12:37.061970Z 54 6 5 40
2025-09-12T06:12:37.091907Z 54 6 5 40
2025-09-12T06:12:37.121876Z 54 6 5 40
2025-09-12T06:12:37.152081Z 54 6 5 40
2025-09-12T06:12:37.183191Z 54 6 5 40
2025-09-12T06:12:37.212816Z 54 6 5 40
2025-09-12T06:12:37.243108Z 54 6 5 40
2025-09-12T06:12:37.275441Z 54 6 5 40
2025-09-12T06:12:37.306366Z 54 6 5 40
2025-09-12T06:12:37.337389Z 54 6 5 40
2025-09-12T06:12:37.368402Z 54 6 5 40
2025-09-12T06:12:37.399441Z 54 6 5 40
2025-09-12T06:12:37.428990Z 54 6 5 40
2025-09-12T06:12:37.458608Z 54 6 5 40
2025-09-12T06:12:37.488621Z 54 6 5 40
2025-09-12T06:12:37.518946Z 54 6 5 40
2025-09-12T06:12:37.549850Z 54 6 5 40
2025-09-12T06:12:37.580636Z 54 6 5 40
2025-09-12T06:12:37.610612Z 54 6 5 40
2025-09-12T06:12:37.640858Z 54 6 5 40
2025-09-12T06:12:37.670919Z 54 6 5 40
2025-09-12T06:12:37.700917Z 54 6 5 40
2025-09-12T06:12:37.731028Z 54 6 5 40
2025-09-12T06:12:37.761099Z 54 6 5 40
2025-09-12T06:12:37.791105Z 54 6 5 40
2025-09-12T06:12:37.821531Z 54 6 5 40
2025-09-12T06:12:37.851449Z 54 6 5 40
2025-09-12T06:12:37.881584Z 54 6 5 40
2025-09-12T06:12:37.913561Z 54 6 5 40
2025-09-12T06:12:37.943446Z 54 6 5 40
2025-09-12T06:12:37.972909Z 54 6 5 40
2025-09-12T06:12:38.002636Z 54 6 5 40
2025-09-12T06:12:38.032722Z 54 6 5 40
2025-09-12T06:12:38.062771Z 54 6 5 40
2025-09-12T06:12:38.093572Z 54 6 5 40
2025-09-12T06:12:38.123054Z 54 6 5 40
2025-09-12T06:12:38.153161Z 54 6 5 40
2025-09-12T06:12:38.183188Z 54 6 5 40
2025-09-12T06:12:38.213299Z 54 6 5 40
2025-09-12T06:12:38.243380Z 54 6 5 40
2025-09-12T06:12:38.273905Z 54 6 5 40
2025-09-12T06:12:38.304005Z 54 6 5 40
2025-09-12T06:12:38.334398Z 54 6 5 40
2025-09-12T06:12:38.364320Z 54 6 5 40
2025-09-12T06:12:38.394046Z 54 6 5 40
2025-09-12T06:12:38.423688Z 54 6 5 40
2025-09-12T06:12:38.454652Z 54 6 5 40
2025-09-12T06:12:38.484727Z 54 6 5 40
2025-09-12T06:12:38.515522Z 54 6 5 40
2025-09-12T06:12:38.545048Z 54 6 5 40
2025-09-12T06:12:38.574647Z 54 6 5 40
2025-09-12T06:12:38.604549Z 54 6 5 40
2025-09-12T06:12:38.634586Z 54 6 5 40
2025-09-12T06:12:38.663687Z 54 6 5 40
2025-09-12T06:12:38.693668Z 54 6 5 40
2025-09-12T06:12:38.722718Z 54 6 5 40
2025-09-12T06:12:38.753157Z 54 6 5 40
2025-09-12T06:12:38.783204Z 54 6 5 40
2025-09-12T06:12:38.813065Z 54 6 5 40
2025-09-12T06:12:38.844259Z 54 6 5 40
2025-09-12T06:12:38.873862Z 54 6 5 40
2025-09-12T06:12:38.904812Z 54 6 5 40
2025-09-12T06:12:38.934105Z 54 6 5 40
2025-09-12T06:12:38.963850Z 54 6 5 40
2025-09-12T06:12:38.993013Z 54 6 5 40
2025-09-12T06:12:39.022904Z 54 6 5 40
2025-09-12T06:12:39.052293Z 54 6 5 40
2025-09-12T06:12:39.082026Z 54 6 5 40
2025-09-12T06:12:39.111428Z 54 6 5 40
2025-09-12T06:12:39.141825Z 54 6 5 40
2025-09-12T06:12:39.171397Z 54 6 5 40
2025-09-12T06:12:39.200611Z 54 6 5 40
2025-09-12T06:12:39.230284Z 54 6 5 40
2025-09-12T06:12:39.260629Z 54 6 5 40
2025-09-12T06:12:39.290688Z 54 6 5 40
2025-09-12T06:12:39.321843Z 54 6 5 40
2025-09-12T06:12:39.352068Z 54 6 5 40
2025-09-12T06:12:39.381125Z 54 6 5 40
2025-09-12T06:12:39.410799Z 54 6 5 40
2025-09-12T06:12:39.441058Z 54 6 5 40
2025-09-12T06:12:39.471068Z 54 6 5 40
2025-09-12T06:12:39.500003Z 54 6 5 40
2025-09-12T06:12:39.530157Z 54 6 5 40
2025-09-12T06:12:39.559604Z 54 6 5 40
2025-09-12T06:12:39.589946Z 54 6 5 40
2025-09-12T06:12:39.619704Z 54 6 5 40
2025-09-12T06:12:39.649896Z 54 6 5 40
2025-09-12T06:12:39.680784Z 54 6 5 40
2025-09-12T06:12:39.710150Z 54 6 5 40
2025-09-12T06:12:39.740198Z 54 6 5 40
2025-09-12T06:12:39.769624Z 54 6 5 40
2025-09-12T06:12:39.799340Z 54 6 5 40
2025-09-12T06:12:39.829471Z 54 6 5 40
2025-09-12T06:12:39.858306Z 54 6 5 40
2025-09-12T06:12:39.887143Z 54 6 5 40
2025-09-12T06:12:39.916870Z 54 6 5 40
2025-09-12T06:12:39.946188Z 54 6 5 40
2025-09-12T06:12:39.976707Z 54 6 5 40
2025-09-12T06:12:40.007236Z 54 6 5 40
2025-09-12T06:12:40.036749Z 54 6 5 40
2025-09-12T06:12:40.065978Z 54 6 5 40
2025-09-12T06:12:40.096680Z 54 6 5 40
2025-09-12T06:12:40.127715Z 54 6 5 40
2025-09-12T06:12:40.157825Z 54 6 5 40
2025-09-12T06:12:40.188403Z 54 6 5 40
2025-09-12T06:12:40.218568Z 54 6 5 40
2025-09-12T06:12:40.248758Z 54 6 5 40
2025-09-12T06:12:40.278860Z 54 6 5 40
2025-09-12T06:12:40.308038Z 54 6 5 40
2025-09-12T06:12:40.338876Z 54 6 5 40
2025-09-12T06:12:40.369176Z 54 6 5 40
2025-09-12T06:12:40.399973Z 54 6 5 40
2025-09-12T06:12:40.430348Z 54 6 5 40
2025-09-12T06:12:40.460655Z 54 6 5 40
2025-09-12T06:12:40.491630Z 54 6 5 40
2025-09-12T06:12:40.521671Z 54 6 5 40
2025-09-12T06:12:40.550560Z 54 6 5 40
2025-09-12T06:12:40.581133Z 54 6 5 40
2025-09-12T06:12:40.610540Z 54 6 5 40
2025-09-12T06:12:40.640489Z 54 6 5 40
2025-09-12T06:12:40.672258Z 54 6 5 40
2025-09-12T06:12:40.702732Z 54 6 5 40
2025-09-12T06:12:40.732673Z 54 6 5 40
2025-09-12T06:12:40.762750Z 54 6 5 40
2025-09-12T06:12:40.792131Z 54 6 5 40
2025-09-12T06:12:40.822430Z 54 6 5 40
2025-09-12T06:12:40.852789Z 54 6 5 40
2025-09-12T06:12:40.882305Z 54 6 5 40
2025-09-12T06:12:40.911622Z 54 6 5 40
2025-09-12T06:12:40.940314Z 54 6 5 40
2025-09-12T06:12:40.970273Z 54 6 5 40
2025-09-12T06:12:41.000458Z 54 6 5 40
2025-09-12T06:12:41.030337Z 54 6 5 40
2025-09-12T06:12:41.060983Z 54 6 5 40
2025-09-12T06:12:41.091391Z 54 6 5 40
2025-09-12T06:12:41.121740Z 54 6 5 40
2025-09-12T06:12:41.151959Z 54 6 5 40
2025-09-12T06:12:41.182256Z 54 6 5 40
2025-09-12T06:12:41.212471Z 54 6 5 40
2025-09-12T06:12:41.242066Z 54 6 5 40
2025-09-12T06:12:41.271801Z 54 6 5 40
2025-09-12T06:12:41.301613Z 54 6 5 40
2025-09-12T06:12:41.331163Z 54 6 5 40
2025-09-12T06:12:41.360847Z 54 6 5 40
2025-09-12T06:12:41.390589Z 54 6 5 40
2025-09-12T06:12:41.420414Z 54 6 5 40
2025-09-12T06:12:41.449672Z 54 6 5 40
2025-09-12T06:12:41.480663Z 54 6 5 40
2025-09-12T06:12:41.509922Z 54 6 5 40
2025-09-12T06:12:41.539595Z 54 6 5 40
2025-09-12T06:12:41.568844Z 54 6 5 40
2025-09-12T06:12:41.599381Z 54 6 5 40
2025-09-12T06:12:41.629461Z 54 6 5 40
2025-09-12T06:12:41.659477Z 54 6 5 40
2025-09-12T06:12:41.690538Z 54 6 5 40
2025-09-12T06:12:41.720366Z 54 6 5 40
2025-09-12T06:12:41.751097Z 54 6 5 40
2025-09-12T06:12:41.781798Z 54 6 5 40
2025-09-12T06:12:41.811842Z 54 6 5 40
2025-09-12T06:12:41.841907Z 54 6 5 40
2025-09-12T06:12:41.871420Z 54 6 5 40
2025-09-12T06:12:41.900846Z 54 6 5 40
2025-09-12T06:12:41.930906Z 54 6 5 40
2025-09-12T06:12:41.961979Z 54 6 5 40
2025-09-12T06:12:41.992537Z 54 6 5 40
2025-09-12T06:12:42.022289Z 54 6 5 40
2025-09-12T06:12:42.052168Z 54 6 5 40
2025-09-12T06:12:42.082118Z 54 6 5 40
2025-09-12T06:12:42.111868Z 54 6 5 40
2025-09-12T06:12:42.142581Z 54 6 5 40
2025-09-12T06:12:42.172187Z 54 6 5 40
2025-09-12T06:12:42.202895Z 54 6 5 40
2025-09-12T06:12:42.232984Z 54 6 5 40
2025-09-12T06:12:42.263108Z 54 6 5 40
2025-09-12T06:12:42.293072Z 54 6 5 40
2025-09-12T06:12:42.322955Z 54 6 5 40
2025-09-12T06:12:42.353459Z 54 6 5 40
2025-09-12T06:12:42.384136Z 54 6 5 40
2025-09-12T06:12:42.414502Z 54 6 5 40
2025-09-12T06:12:42.445195Z 54 6 5 40
2025-09-12T06:12:42.475304Z 54 6 5 40
2025-09-12T06:12:42.506231Z 54 6 5 40
2025-09-12T06:12:42.536649Z 54 6 5 40
2025-09-12T06:12:42.566076Z 54 6 5 40
2025-09-12T06:12:42.596022Z 54 6 5 40
2025-09-12T06:12:42.625473Z 54 6 5 40
2025-09-12T06:12:42.656405Z 54 6 5 40
2025-09-12T06:12:42.689837Z 54 6 5 40
2025-09-12T06:12:42.720668Z 54 6 5 40
2025-09-12T06:12:42.751946Z 54 6 5 40
2025-09-12T06:12:42.783155Z 54 6 5 40
2025-09-12T06:12:42.816549Z 54 6 5 40
2025-09-12T06:12:42.847843Z 54 6 5 40
2025-09-12T06:12:42.878208Z 54 6 5 40
2025-09-12T06:12:42.908925Z 54 6 5 40
2025-09-12T06:12:42.939604Z 54 6 5 40
2025-09-12T06:12:42.970671Z 54 6 5 40
2025-09-12T06:12:43.001135Z 54 6 5 40
2025-09-12T06:12:43.032278Z 54 6 5 40
2025-09-12T06:12:43.062886Z 54 6 5 40
2025-09-12T06:12:43.093675Z 54 6 5 40
2025-09-12T06:12:43.124555Z 54 6 5 40
2025-09-12T06:12:43.155569Z 54 6 5 40
2025-09-12T06:12:43.186911Z 54 6 5 40
2025-09-12T06:12:43.218852Z 54 6 5 40
2025-09-12T06:12:43.249991Z 54 6 5 40
2025-09-12T06:12:43.280924Z 54 6 5 40
2025-09-12T06:12:43.311711Z 54 6 5 40
2025-09-12T06:12:43.342452Z 54 6 5 40
2025-09-12T06:12:43.372466Z 54 6 5 40
2025-09-12T06:12:43.403944Z 54 6 5 40
2025-09-12T06:12:43.434642Z 54 6 5 40
2025-09-12T06:12:43.464691Z 54 6 5 40
2025-09-12T06:12:43.495860Z 54 6 5 40
2025-09-12T06:12:43.527245Z 54 6 5 40
2025-09-12T06:12:43.558134Z 54 6 5 40
2025-09-12T06:12:43.590307Z 54 6 5 40
2025-09-12T06:12:43.621622Z 54 6 5 40
2025-09-12T06:12:43.653738Z 54 6 5 40
2025-09-12T06:12:43.684206Z 54 6 5 40
2025-09-12T06:12:43.715222Z 54 6 5 40
2025-09-12T06:12:43.744826Z 54 6 5 40
2025-09-12T06:12:43.775353Z 54 6 5 40
2025-09-12T06:12:43.807120Z 54 6 5 40
2025-09-12T06:12:43.838456Z 54 6 5 40
2025-09-12T06:12:43.869832Z 54 6 5 40
2025-09-12T06:12:43.902128Z 54 6 5 40
2025-09-12T06:12:43.933443Z 54 6 5 40
2025-09-12T06:12:43.963968Z 54 6 5 40
2025-09-12T06:12:43.995104Z 54 6 5 40
2025-09-12T06:12:44.024612Z 54 6 5 40
2025-09-12T06:12:44.055147Z 54 6 5 40
2025-09-12T06:12:44.086191Z 54 6 5 40
2025-09-12T06:12:44.120490Z 54 6 5 40
2025-09-12T06:12:44.151307Z 54 6 5 40
2025-09-12T06:12:44.181940Z 54 6 5 40
2025-09-12T06:12:44.212826Z 54 6 5 40
2025-09-12T06:12:44.243485Z 54 6 5 40
2025-09-12T06:12:44.275807Z 54 6 5 40
2025-09-12T06:12:44.306268Z 54 6 5 40
2025-09-12T06:12:44.337357Z 54 6 5 40
2025-09-12T06:12:44.368904Z 54 6 5 40
2025-09-12T06:12:44.400228Z 54 6 5 40
2025-09-12T06:12:44.431004Z 54 6 5 40
2025-09-12T06:12:44.462157Z 54 6 5 40
2025-09-12T06:12:44.494198Z 54 6 5 40
2025-09-12T06:12:44.526146Z 54 6 5 40
2025-09-12T06:12:44.556738Z 54 6 5 40
2025-09-12T06:12:44.588612Z 54 6 5 40
2025-09-12T06:12:44.620896Z 54 6 5 40
2025-09-12T06:12:44.656640Z 54 6 5 40
2025-09-12T06:12:44.688670Z 54 6 5 40
2025-09-12T06:12:44.720234Z 54 6 5 40
2025-09-12T06:12:44.752206Z 54 6 5 40
2025-09-12T06:12:44.783970Z 54 6 5 40
2025-09-12T06:12:44.816101Z 54 6 5 40
2025-09-12T06:12:44.848257Z 54 6 5 40
2025-09-12T06:12:44.879807Z 54 6 5 40
2025-09-12T06:12:44.913549Z 54 6 5 40
2025-09-12T06:12:44.945264Z 54 6 5 40
2025-09-12T06:12:44.977546Z 54 6 5 40
2025-09-12T06:12:45.009456Z 54 6 5 40
2025-09-12T06:12:45.040376Z 54 6 5 40
2025-09-12T06:12:45.070911Z 54 6 5 40
2025-09-12T06:12:45.101721Z 54 6 5 40
2025-09-12T06:12:45.133111Z 54 6 5 40
2025-09-12T06:12:45.165711Z 54 6 5 40
2025-09-12T06:12:45.197742Z 54 6 5 40
2025-09-12T06:12:45.230565Z 54 6 5 40
2025-09-12T06:12:45.262786Z 54 6 5 40
2025-09-12T06:12:45.293660Z 54 6 5 40
2025-09-12T06:12:45.323645Z 54 6 5 40
2025-09-12T06:12:45.355652Z 54 6 5 40
2025-09-12T06:12:45.386994Z 54 6 5 40
2025-09-12T06:12:45.418951Z 54 6 5 40
2025-09-12T06:12:45.449327Z 54 6 5 40
2025-09-12T06:12:45.480104Z 54 6 5 40
2025-09-12T06:12:45.511159Z 54 6 5 40
2025-09-12T06:12:45.541085Z 54 6 5 40
2025-09-12T06:12:45.571955Z 54 6 5 40
2025-09-12T06:12:45.602597Z 54 6 5 40
2025-09-12T06:12:45.635514Z 54 6 5 40
2025-09-12T06:12:45.666008Z 54 6 5 40
2025-09-12T06:12:45.696722Z 54 6 5 40
2025-09-12T06:12:45.727116Z 54 6 5 40
2025-09-12T06:12:45.758657Z 54 6 5 40
2025-09-12T06:12:45.789750Z 54 6 5 40
2025-09-12T06:12:45.821053Z 54 6 5 40
2025-09-12T06:12:45.851838Z 54 6 5 40
2025-09-12T06:12:45.885272Z 54 6 5 40
2025-09-12T06:12:45.916584Z 54 6 5 40
2025-09-12T06:12:45.949296Z 54 6 5 40
2025-09-12T06:12:45.980565Z 54 6 5 40
2025-09-12T06:12:46.011739Z 54 6 5 40
2025-09-12T06:12:46.044071Z 54 6 5 40
2025-09-12T06:12:46.074200Z 54 6 5 40
2025-09-12T06:12:46.106421Z 54 6 5 40
2025-09-12T06:12:46.138240Z 54 6 5 40
2025-09-12T06:12:46.170828Z 54 6 5 40
2025-09-12T06:12:46.202127Z 54 6 5 40
2025-09-12T06:12:46.234431Z 54 6 5 40
2025-09-12T06:12:46.265857Z 54 6 5 40
2025-09-12T06:12:46.298254Z 54 6 5 40
2025-09-12T06:12:46.331072Z 54 6 5 40
2025-09-12T06:12:46.361803Z 54 6 5 40
2025-09-12T06:12:46.393225Z 54 6 5 40
2025-09-12T06:12:46.423469Z 54 6 5 40
2025-09-12T06:12:46.455222Z 54 6 5 40
2025-09-12T06:12:46.486653Z 54 6 5 40
2025-09-12T06:12:46.516839Z 54 6 5 40
2025-09-12T06:12:46.549488Z 54 6 5 40
2025-09-12T06:12:46.581764Z 54 6 5 40
2025-09-12T06:12:46.613461Z 54 6 5 40
2025-09-12T06:12:46.644289Z 54 6 5 40
2025-09-12T06:12:46.674431Z 54 6 5 40
2025-09-12T06:12:46.704553Z 54 6 5 40
2025-09-12T06:12:46.735360Z 54 6 5 40
2025-09-12T06:12:46.765079Z 54 6 5 40
2025-09-12T06:12:46.795604Z 54 6 5 40
2025-09-12T06:12:46.826998Z 54 6 5 40
2025-09-12T06:12:46.857587Z 54 6 5 40
2025-09-12T06:12:46.888349Z 54 6 5 40
2025-09-12T06:12:46.918242Z 54 6 5 40
2025-09-12T06:12:46.948191Z 54 6 5 40
2025-09-12T06:12:46.978413Z 54 6 5 40
2025-09-12T06:12:47.009585Z 54 6 5 40
2025-09-12T06:12:47.040288Z 54 6 5 40
2025-09-12T06:12:47.069844Z 54 6 5 40
2025-09-12T06:12:47.099591Z 54 6 5 40
2025-09-12T06:12:47.129649Z 54 6 5 40
2025-09-12T06:12:47.160722Z 54 6 5 40
2025-09-12T06:12:47.190845Z 54 6 5 40
2025-09-12T06:12:47.220674Z 54 6 5 40
2025-09-12T06:12:47.250830Z 54 6 5 40
2025-09-12T06:12:47.280920Z 54 6 5 40
2025-09-12T06:12:47.311025Z 54 6 5 40
2025-09-12T06:12:47.341190Z 54 6 5 40
2025-09-12T06:12:47.372180Z 54 6 5 40
2025-09-12T06:12:47.402132Z 54 6 5 40
2025-09-12T06:12:47.432352Z 54 6 5 40
2025-09-12T06:12:47.462418Z 54 6 5 40
2025-09-12T06:12:47.492076Z 54 6 5 40
2025-09-12T06:12:47.522826Z 54 6 5 40
2025-09-12T06:12:47.553338Z 54 6 5 40
2025-09-12T06:12:47.583543Z 54 6 5 40
2025-09-12T06:12:47.613506Z 54 6 5 40
2025-09-12T06:12:47.644513Z 54 6 5 40
2025-09-12T06:12:47.674911Z 54 6 5 40
2025-09-12T06:12:47.705207Z 54 6 5 40
2025-09-12T06:12:47.735315Z 54 6 5 40
2025-09-12T06:12:47.765616Z 54 6 5 40
2025-09-12T06:12:47.795954Z 54 6 5 40
2025-09-12T06:12:47.825915Z 54 6 5 40
2025-09-12T06:12:47.856574Z 54 6 5 40
2025-09-12T06:12:47.886983Z 54 6 5 40
2025-09-12T06:12:47.917077Z 54 6 5 40
2025-09-12T06:12:47.947212Z 54 6 5 40
2025-09-12T06:12:47.977450Z 54 6 5 40
2025-09-12T06:12:48.007234Z 54 6 5 40
2025-09-12T06:12:48.037563Z 54 6 5 40
2025-09-12T06:12:48.067580Z 54 6 5 40
2025-09-12T06:12:48.097497Z 54 6 5 40
2025-09-12T06:12:48.127434Z 54 6 5 40
2025-09-12T06:12:48.158391Z 54 6 5 40
2025-09-12T06:12:48.187767Z 54 6 5 40
2025-09-12T06:12:48.219466Z 54 6 5 40
2025-09-12T06:12:48.251227Z 54 6 5 40
2025-09-12T06:12:48.281788Z 54 6 5 40
2025-09-12T06:12:48.312379Z 54 6 5 40
2025-09-12T06:12:48.341666Z 54 6 5 40
2025-09-12T06:12:48.371763Z 54 6 5 40
2025-09-12T06:12:48.402366Z 54 6 5 40
2025-09-12T06:12:48.431741Z 54 6 5 40
2025-09-12T06:12:48.462609Z 54 6 5 40
2025-09-12T06:12:48.493016Z 54 6 5 40
2025-09-12T06:12:48.523759Z 54 6 5 40
2025-09-12T06:12:48.554365Z 54 6 5 40
2025-09-12T06:12:48.586137Z 54 6 5 40
2025-09-12T06:12:48.618102Z 54 6 5 40
2025-09-12T06:12:48.649433Z 54 6 5 40
2025-09-12T06:12:48.681451Z 54 6 5 40
2025-09-12T06:12:48.713265Z 54 6 5 40
2025-09-12T06:12:48.744870Z 54 6 5 40
2025-09-12T06:12:48.776241Z 54 6 5 40
2025-09-12T06:12:48.807153Z 54 6 5 40
2025-09-12T06:12:48.837692Z 54 6 5 40
2025-09-12T06:12:48.867792Z 54 6 5 40
2025-09-12T06:12:48.898551Z 54 6 5 40
2025-09-12T06:12:48.928818Z 54 6 5 40
2025-09-12T06:12:48.958815Z 54 6 5 40
2025-09-12T06:12:48.988985Z 54 6 5 40
2025-09-12T06:12:49.018936Z 54 6 5 40
2025-09-12T06:12:49.050073Z 54 6 5 40
2025-09-12T06:12:49.081296Z 54 6 5 40
2025-09-12T06:12:49.111751Z 54 6 5 40
2025-09-12T06:12:49.141909Z 54 6 5 40
2025-09-12T06:12:49.173079Z 54 6 5 40
2025-09-12T06:12:49.203208Z 54 6 5 40
2025-09-12T06:12:49.234116Z 54 6 5 40
2025-09-12T06:12:49.265187Z 54 6 5 40
2025-09-12T06:12:49.296193Z 54 6 5 40
2025-09-12T06:12:49.327213Z 54 6 5 40
2025-09-12T06:12:49.357521Z 54 6 5 40
2025-09-12T06:12:49.387550Z 54 6 5 40
2025-09-12T06:12:49.418240Z 54 6 5 40
2025-09-12T06:12:49.449380Z 54 6 5 40
2025-09-12T06:12:49.480594Z 54 6 5 40
2025-09-12T06:12:49.511588Z 54 6 5 40
2025-09-12T06:12:49.543449Z 54 6 5 40
2025-09-12T06:12:49.575771Z 54 6 5 40
2025-09-12T06:12:49.607804Z 54 6 5 40
2025-09-12T06:12:49.638960Z 54 6 5 40
2025-09-12T06:12:49.669317Z 54 6 5 40
2025-09-12T06:12:49.699965Z 54 6 5 40
2025-09-12T06:12:49.730398Z 54 6 5 40
2025-09-12T06:12:49.761030Z 54 6 5 40
2025-09-12T06:12:49.792414Z 54 6 5 40
2025-09-12T06:12:49.823062Z 54 6 5 40
2025-09-12T06:12:49.853427Z 54 6 5 40
2025-09-12T06:12:49.884656Z 54 6 5 40
2025-09-12T06:12:49.915017Z 54 6 5 40
2025-09-12T06:12:49.945527Z 54 6 5 40
2025-09-12T06:12:49.975714Z 54 6 5 40
2025-09-12T06:12:50.006034Z 54 6 5 40
2025-09-12T06:12:50.035301Z 54 6 5 40
2025-09-12T06:12:50.066016Z 54 6 5 40
2025-09-12T06:12:50.096219Z 54 6 5 40
2025-09-12T06:12:50.127055Z 54 6 5 40
2025-09-12T06:12:50.157025Z 54 6 5 40
2025-09-12T06:12:50.187129Z 54 6 5 40
2025-09-12T06:12:50.217172Z 54 6 5 40
2025-09-12T06:12:50.248269Z 54 6 5 40
2025-09-12T06:12:50.279125Z 54 6 5 40
2025-09-12T06:12:50.310124Z 54 6 5 40
2025-09-12T06:12:50.340288Z 54 6 5 40
2025-09-12T06:12:50.370504Z 54 6 5 40
