2025-09-12T06:12:19.607259Z 0 0 0 0
2025-09-12T06:12:19.629295Z 0 0 0 3
2025-09-12T06:12:19.638778Z 3 1 0 3
2025-09-12T06:12:19.651551Z 3 0 1 4
2025-09-12T06:12:19.661084Z 6 1 0 4
2025-09-12T06:12:19.674240Z 6 0 1 5
2025-09-12T06:12:19.696478Z 6 0 1 7
2025-09-12T06:12:19.718645Z 6 0 1 10
2025-09-12T06:12:19.728226Z 6 1 0 10
2025-09-12T06:12:19.740849Z 6 1 0 12
2025-09-12T06:12:19.763526Z 6 1 0 14
2025-09-12T06:12:19.786416Z 6 1 0 15
2025-09-12T06:12:19.796299Z 10 3 0 15
2025-09-12T06:12:19.809700Z 10 2 0 14
2025-09-12T06:12:19.821638Z 28 5 1 14
2025-09-12T06:12:19.834686Z 28 5 1 28
2025-09-12T06:12:19.848741Z 44 8 2 28
2025-09-12T06:12:19.861531Z 44 5 5 28
2025-09-12T06:12:19.889130Z 44 0 10 28
2025-09-12T06:12:19.916697Z 44 0 10 28
2025-09-12T06:12:19.931087Z 44 1 9 28
2025-09-12T06:12:19.944219Z 44 1 9 28
2025-09-12T06:12:19.971969Z 44 0 10 28
2025-09-12T06:12:19.999437Z 44 0 10 28
2025-09-12T06:12:20.027047Z 44 0 10 28
2025-09-12T06:12:20.054409Z 44 0 10 28
2025-09-12T06:12:20.082112Z 44 0 10 28
2025-09-12T06:12:20.109697Z 44 0 10 28
2025-09-12T06:12:20.137564Z 44 0 10 28
2025-09-12T06:12:20.165501Z 44 0 10 28
2025-09-12T06:12:20.192668Z 44 0 10 28
2025-09-12T06:12:20.220426Z 44 0 10 28
2025-09-12T06:12:20.248177Z 44 0 10 28
2025-09-12T06:12:20.275730Z 44 0 10 28
2025-09-12T06:12:20.303682Z 44 0 10 28
2025-09-12T06:12:20.331601Z 44 0 10 28
2025-09-12T06:12:20.360079Z 44 0 10 28
2025-09-12T06:12:20.388295Z 44 0 10 28
2025-09-12T06:12:20.416679Z 44 0 10 28
2025-09-12T06:12:20.444264Z 44 0 10 28
2025-09-12T06:12:20.472527Z 44 0 10 28
2025-09-12T06:12:20.500690Z 44 0 10 28
2025-09-12T06:12:20.528331Z 44 0 10 28
2025-09-12T06:12:20.555939Z 44 0 10 28
2025-09-12T06:12:20.583421Z 44 0 10 28
2025-09-12T06:12:20.610580Z 44 0 10 28
2025-09-12T06:12:20.638333Z 44 0 10 28
2025-09-12T06:12:20.665193Z 44 0 10 28
2025-09-12T06:12:20.692769Z 44 0 10 28
2025-09-12T06:12:20.719696Z 44 0 10 28
2025-09-12T06:12:20.747091Z 44 0 10 28
2025-09-12T06:12:20.774810Z 44 0 10 28
2025-09-12T06:12:20.802429Z 44 0 10 28
2025-09-12T06:12:20.830080Z 44 0 10 28
2025-09-12T06:12:20.857828Z 44 0 10 28
2025-09-12T06:12:20.885612Z 44 0 10 28
2025-09-12T06:12:20.913165Z 44 0 10 28
2025-09-12T06:12:20.940923Z 44 0 10 28
2025-09-12T06:12:20.968892Z 44 0 10 28
2025-09-12T06:12:20.996831Z 44 0 10 28
2025-09-12T06:12:21.023680Z 44 0 10 28
2025-09-12T06:12:21.051055Z 44 0 10 28
2025-09-12T06:12:21.079201Z 44 0 10 28
2025-09-12T06:12:21.106582Z 44 0 10 28
2025-09-12T06:12:21.134247Z 44 0 10 28
2025-09-12T06:12:21.161639Z 44 0 10 28
2025-09-12T06:12:21.189484Z 44 0 10 28
2025-09-12T06:12:21.216723Z 44 0 10 28
2025-09-12T06:12:21.244479Z 44 0 10 28
2025-09-12T06:12:21.271812Z 44 0 10 28
2025-09-12T06:12:21.299611Z 44 0 10 28
2025-09-12T06:12:21.327631Z 44 0 10 28
2025-09-12T06:12:21.355565Z 44 0 10 28
2025-09-12T06:12:21.383657Z 44 0 10 28
2025-09-12T06:12:21.411041Z 44 0 10 28
2025-09-12T06:12:21.438194Z 44 0 10 28
2025-09-12T06:12:21.465867Z 44 0 10 28
2025-09-12T06:12:21.493802Z 44 0 10 28
2025-09-12T06:12:21.521213Z 44 0 10 28
2025-09-12T06:12:21.549101Z 44 0 10 28
2025-09-12T06:12:21.576991Z 44 0 10 28
2025-09-12T06:12:21.604559Z 44 0 10 28
2025-09-12T06:12:21.632325Z 44 0 10 28
2025-09-12T06:12:21.660215Z 44 0 10 28
2025-09-12T06:12:21.687594Z 44 0 10 28
2025-09-12T06:12:21.715577Z 44 0 10 28
2025-09-12T06:12:21.742749Z 44 0 10 28
2025-09-12T06:12:21.769780Z 44 0 10 28
2025-09-12T06:12:21.796894Z 44 0 10 28
2025-09-12T06:12:21.824719Z 44 0 10 28
2025-09-12T06:12:21.852041Z 44 0 10 28
2025-09-12T06:12:21.878986Z 44 0 10 28
2025-09-12T06:12:21.906742Z 44 0 10 28
2025-09-12T06:12:21.933973Z 44 0 10 28
2025-09-12T06:12:21.961127Z 44 0 10 28
2025-09-12T06:12:21.988870Z 44 0 10 28
2025-09-12T06:12:22.016750Z 44 0 10 28
2025-09-12T06:12:22.044179Z 44 0 10 28
2025-09-12T06:12:22.072013Z 44 0 10 28
2025-09-12T06:12:22.100059Z 44 0 10 28
2025-09-12T06:12:22.129686Z 44 0 10 28
2025-09-12T06:12:22.157883Z 44 0 10 28
2025-09-12T06:12:22.186047Z 44 0 10 28
2025-09-12T06:12:22.213572Z 44 0 10 28
2025-09-12T06:12:22.241841Z 44 0 10 28
2025-09-12T06:12:22.268916Z 44 0 10 28
2025-09-12T06:12:22.297003Z 44 0 10 28
2025-09-12T06:12:22.325215Z 44 0 10 28
2025-09-12T06:12:22.353549Z 44 0 10 28
2025-09-12T06:12:22.380472Z 44 0 10 28
2025-09-12T06:12:22.408349Z 44 0 10 28
2025-09-12T06:12:22.436528Z 44 0 10 28
2025-09-12T06:12:22.464676Z 44 0 10 28
2025-09-12T06:12:22.492164Z 44 0 10 28
2025-09-12T06:12:22.520611Z 44 0 10 28
2025-09-12T06:12:22.549690Z 44 0 10 28
2025-09-12T06:12:22.579050Z 44 0 10 28
2025-09-12T06:12:22.606959Z 44 0 10 28
2025-09-12T06:12:22.634842Z 44 0 10 28
2025-09-12T06:12:22.662353Z 44 0 10 28
2025-09-12T06:12:22.690133Z 44 0 10 28
2025-09-12T06:12:22.718071Z 44 0 10 28
2025-09-12T06:12:22.746122Z 44 0 10 28
2025-09-12T06:12:22.773871Z 44 0 10 28
2025-09-12T06:12:22.801747Z 44 0 10 28
2025-09-12T06:12:22.830015Z 44 0 10 28
2025-09-12T06:12:22.858172Z 44 0 10 28
2025-09-12T06:12:22.885726Z 44 0 10 28
2025-09-12T06:12:22.913693Z 44 0 10 28
2025-09-12T06:12:22.942474Z 44 0 10 28
2025-09-12T06:12:22.969986Z 44 0 10 28
2025-09-12T06:12:22.997815Z 44 0 10 28
2025-09-12T06:12:23.025745Z 44 0 10 28
2025-09-12T06:12:23.052554Z 44 0 10 28
2025-09-12T06:12:23.080663Z 44 0 10 28
2025-09-12T06:12:23.108748Z 44 0 10 28
2025-09-12T06:12:23.136611Z 44 0 10 28
2025-09-12T06:12:23.164682Z 44 0 10 28
2025-09-12T06:12:23.193104Z 44 0 10 28
2025-09-12T06:12:23.221206Z 44 0 10 28
2025-09-12T06:12:23.249130Z 44 0 10 28
2025-09-12T06:12:23.277036Z 44 0 10 28
2025-09-12T06:12:23.305223Z 44 0 10 28
2025-09-12T06:12:23.333256Z 44 0 10 28
2025-09-12T06:12:23.361378Z 44 0 10 28
2025-09-12T06:12:23.388749Z 44 0 10 28
2025-09-12T06:12:23.417095Z 44 0 10 28
2025-09-12T06:12:23.443857Z 44 0 10 28
2025-09-12T06:12:23.472297Z 44 0 10 28
2025-09-12T06:12:23.499325Z 44 0 10 28
2025-09-12T06:12:23.527741Z 44 0 10 28
2025-09-12T06:12:23.557473Z 44 0 10 28
2025-09-12T06:12:23.585150Z 44 0 10 28
2025-09-12T06:12:23.613443Z 44 0 10 28
2025-09-12T06:12:23.641768Z 44 0 10 28
2025-09-12T06:12:23.669927Z 44 0 10 28
2025-09-12T06:12:23.697408Z 44 0 10 28
2025-09-12T06:12:23.725018Z 44 0 10 28
2025-09-12T06:12:23.753829Z 44 0 10 28
2025-09-12T06:12:23.780768Z 44 0 10 28
2025-09-12T06:12:23.809267Z 44 0 10 28
2025-09-12T06:12:23.837304Z 44 0 10 28
2025-09-12T06:12:23.865147Z 44 0 10 28
2025-09-12T06:12:23.892590Z 44 0 10 28
2025-09-12T06:12:23.921064Z 44 0 10 28
2025-09-12T06:12:23.948675Z 44 0 10 28
2025-09-12T06:12:23.976032Z 44 0 10 28
2025-09-12T06:12:24.004988Z 44 0 10 28
2025-09-12T06:12:24.033660Z 44 0 10 28
2025-09-12T06:12:24.061933Z 44 0 10 28
2025-09-12T06:12:24.089958Z 44 0 10 28
2025-09-12T06:12:24.117939Z 44 0 10 28
2025-09-12T06:12:24.145218Z 44 0 10 28
2025-09-12T06:12:24.172921Z 44 0 10 28
2025-09-12T06:12:24.200367Z 44 0 10 28
2025-09-12T06:12:24.228094Z 44 0 10 28
2025-09-12T06:12:24.256057Z 44 0 10 28
2025-09-12T06:12:24.285830Z 44 0 10 28
2025-09-12T06:12:24.314111Z 44 0 10 28
2025-09-12T06:12:24.342151Z 44 0 10 28
2025-09-12T06:12:24.370161Z 44 0 10 28
2025-09-12T06:12:24.398164Z 44 0 10 28
2025-09-12T06:12:24.426162Z 44 0 10 28
2025-09-12T06:12:24.454312Z 44 0 10 28
2025-09-12T06:12:24.482220Z 44 0 10 28
2025-09-12T06:12:24.510186Z 44 0 10 28
2025-09-12T06:12:24.538171Z 44 0 10 28
2025-09-12T06:12:24.566443Z 44 0 10 28
2025-09-12T06:12:24.595110Z 44 0 10 28
2025-09-12T06:12:24.622987Z 44 0 10 28
2025-09-12T06:12:24.650948Z 44 0 10 28
2025-09-12T06:12:24.679430Z 44 0 10 28
2025-09-12T06:12:24.707197Z 44 0 10 28
2025-09-12T06:12:24.734376Z 44 0 10 28
2025-09-12T06:12:24.762211Z 44 0 10 28
2025-09-12T06:12:24.790728Z 44 0 10 28
2025-09-12T06:12:24.819123Z 44 0 10 28
2025-09-12T06:12:24.847052Z 44 0 10 28
2025-09-12T06:12:24.875063Z 44 0 10 28
2025-09-12T06:12:24.903212Z 44 0 10 28
2025-09-12T06:12:24.931227Z 44 0 10 28
2025-09-12T06:12:24.959093Z 44 0 10 28
2025-09-12T06:12:24.987359Z 44 0 10 28
2025-09-12T06:12:25.015223Z 44 0 10 28
2025-09-12T06:12:25.043377Z 44 0 10 28
2025-09-12T06:12:25.071528Z 44 0 10 28
2025-09-12T06:12:25.099435Z 44 0 10 28
2025-09-12T06:12:25.127460Z 44 0 10 28
2025-09-12T06:12:25.155465Z 44 0 10 28
2025-09-12T06:12:25.183626Z 44 0 10 28
2025-09-12T06:12:25.211843Z 44 0 10 28
2025-09-12T06:12:25.240111Z 44 0 10 28
2025-09-12T06:12:25.267998Z 44 0 10 28
2025-09-12T06:12:25.296015Z 44 0 10 28
2025-09-12T06:12:25.324003Z 44 0 10 28
2025-09-12T06:12:25.351875Z 44 0 10 28
2025-09-12T06:12:25.379845Z 44 0 10 28
2025-09-12T06:12:25.407439Z 44 0 10 28
2025-09-12T06:12:25.435498Z 44 0 10 28
2025-09-12T06:12:25.463348Z 44 0 10 28
2025-09-12T06:12:25.491237Z 44 0 10 28
2025-09-12T06:12:25.519338Z 44 0 10 28
2025-09-12T06:12:25.548006Z 44 0 10 28
2025-09-12T06:12:25.575951Z 44 0 10 28
2025-09-12T06:12:25.603089Z 44 0 10 28
2025-09-12T06:12:25.631017Z 44 0 10 28
2025-09-12T06:12:25.659019Z 44 0 10 28
2025-09-12T06:12:25.686642Z 44 0 10 28
2025-09-12T06:12:25.714766Z 44 0 10 28
2025-09-12T06:12:25.742805Z 44 0 10 28
2025-09-12T06:12:25.771053Z 44 0 10 28
2025-09-12T06:12:25.798885Z 44 0 10 28
2025-09-12T06:12:25.826846Z 44 0 10 28
2025-09-12T06:12:25.854868Z 44 0 10 28
2025-09-12T06:12:25.882907Z 44 0 10 28
2025-09-12T06:12:25.911221Z 44 0 10 28
2025-09-12T06:12:25.939946Z 44 0 10 28
2025-09-12T06:12:25.968017Z 44 0 10 28
2025-09-12T06:12:25.996274Z 44 0 10 28
2025-09-12T06:12:26.024383Z 44 0 10 28
2025-09-12T06:12:26.052311Z 44 0 10 28
2025-09-12T06:12:26.080446Z 44 0 10 28
2025-09-12T06:12:26.108489Z 44 0 10 28
2025-09-12T06:12:26.136104Z 44 0 10 28
2025-09-12T06:12:26.164470Z 44 0 10 28
2025-09-12T06:12:26.192637Z 44 0 10 28
2025-09-12T06:12:26.220694Z 44 0 10 28
2025-09-12T06:12:26.248794Z 44 0 10 28
2025-09-12T06:12:26.276765Z 44 0 10 28
2025-09-12T06:12:26.304552Z 44 0 10 28
2025-09-12T06:12:26.332270Z 44 0 10 28
2025-09-12T06:12:26.360444Z 44 0 10 28
2025-09-12T06:12:26.388188Z 44 0 10 28
2025-09-12T06:12:26.415698Z 44 0 10 28
2025-09-12T06:12:26.443530Z 44 0 10 28
2025-09-12T06:12:26.471434Z 44 0 10 28
2025-09-12T06:12:26.498142Z 44 0 10 28
2025-09-12T06:12:26.525697Z 44 0 10 28
2025-09-12T06:12:26.553558Z 44 0 10 28
2025-09-12T06:12:26.581041Z 44 0 10 28
2025-09-12T06:12:26.608928Z 44 0 10 28
2025-09-12T06:12:26.636086Z 44 0 10 28
2025-09-12T06:12:26.663995Z 44 0 10 28
2025-09-12T06:12:26.691166Z 44 0 10 28
2025-09-12T06:12:26.719230Z 44 0 10 28
2025-09-12T06:12:26.746537Z 44 0 10 28
2025-09-12T06:12:26.774423Z 44 0 10 28
2025-09-12T06:12:26.802318Z 44 0 10 28
2025-09-12T06:12:26.830357Z 44 0 10 28
2025-09-12T06:12:26.858281Z 44 0 10 28
2025-09-12T06:12:26.886376Z 44 0 10 28
2025-09-12T06:12:26.914267Z 44 0 10 28
2025-09-12T06:12:26.941235Z 44 0 10 28
2025-09-12T06:12:26.969207Z 44 0 10 28
2025-09-12T06:12:26.996888Z 44 0 10 28
2025-09-12T06:12:27.025130Z 44 0 10 28
2025-09-12T06:12:27.053345Z 44 0 10 28
2025-09-12T06:12:27.080573Z 44 0 10 28
2025-09-12T06:12:27.109183Z 44 0 10 28
2025-09-12T06:12:27.137465Z 44 0 10 28
2025-09-12T06:12:27.165427Z 44 0 10 28
2025-09-12T06:12:27.193714Z 44 0 10 28
2025-09-12T06:12:27.221753Z 44 0 10 28
2025-09-12T06:12:27.249400Z 44 0 10 28
2025-09-12T06:12:27.277237Z 44 0 10 28
2025-09-12T06:12:27.304693Z 44 0 10 28
2025-09-12T06:12:27.332217Z 44 0 10 28
2025-09-12T06:12:27.361073Z 44 0 10 28
2025-09-12T06:12:27.388522Z 44 0 10 28
2025-09-12T06:12:27.416292Z 44 0 10 28
2025-09-12T06:12:27.443496Z 44 0 10 28
2025-09-12T06:12:27.471309Z 44 0 10 28
2025-09-12T06:12:27.498769Z 44 0 10 28
2025-09-12T06:12:27.525744Z 44 0 10 28
2025-09-12T06:12:27.552959Z 44 0 10 28
2025-09-12T06:12:27.580783Z 44 0 10 28
2025-09-12T06:12:27.607868Z 44 0 10 28
2025-09-12T06:12:27.634735Z 44 0 10 29
2025-09-12T06:12:27.662772Z 44 0 10 28
2025-09-12T06:12:27.690814Z 44 0 10 28
2025-09-12T06:12:27.718961Z 44 0 10 28
2025-09-12T06:12:27.746188Z 44 0 10 28
2025-09-12T06:12:27.774136Z 44 0 10 28
2025-09-12T06:12:27.801889Z 44 0 10 28
2025-09-12T06:12:27.830293Z 44 0 10 28
2025-09-12T06:12:27.857566Z 44 0 10 28
2025-09-12T06:12:27.885957Z 44 0 10 28
2025-09-12T06:12:27.913874Z 44 0 10 28
2025-09-12T06:12:27.942097Z 44 0 10 28
2025-09-12T06:12:27.969167Z 44 0 10 28
2025-09-12T06:12:27.997257Z 44 0 10 28
2025-09-12T06:12:28.025884Z 44 0 10 28
2025-09-12T06:12:28.054265Z 44 0 10 28
2025-09-12T06:12:28.082233Z 44 0 10 28
2025-09-12T06:12:28.110393Z 44 0 10 28
2025-09-12T06:12:28.138692Z 44 0 10 28
2025-09-12T06:12:28.166641Z 44 0 10 28
2025-09-12T06:12:28.195283Z 44 0 10 28
2025-09-12T06:12:28.223642Z 44 0 10 28
2025-09-12T06:12:28.252265Z 44 0 10 28
2025-09-12T06:12:28.281376Z 44 0 10 28
2025-09-12T06:12:28.309012Z 44 0 10 28
2025-09-12T06:12:28.337308Z 44 0 10 28
2025-09-12T06:12:28.365068Z 44 0 10 28
2025-09-12T06:12:28.392391Z 44 0 10 28
2025-09-12T06:12:28.419210Z 44 0 10 28
2025-09-12T06:12:28.447410Z 44 0 10 28
2025-09-12T06:12:28.474470Z 44 0 10 28
2025-09-12T06:12:28.502416Z 44 0 10 28
2025-09-12T06:12:28.529679Z 44 0 10 28
2025-09-12T06:12:28.557539Z 44 0 10 28
2025-09-12T06:12:28.585503Z 44 0 10 28
2025-09-12T06:12:28.612719Z 44 0 10 28
2025-09-12T06:12:28.639886Z 44 0 10 28
2025-09-12T06:12:28.667625Z 44 0 10 28
2025-09-12T06:12:28.694430Z 44 0 10 28
2025-09-12T06:12:28.721900Z 44 0 10 28
2025-09-12T06:12:28.749716Z 44 0 10 28
2025-09-12T06:12:28.777090Z 44 0 10 28
2025-09-12T06:12:28.804917Z 44 0 10 28
2025-09-12T06:12:28.833042Z 44 0 10 28
2025-09-12T06:12:28.861114Z 44 0 10 28
2025-09-12T06:12:28.889055Z 44 0 10 28
2025-09-12T06:12:28.917162Z 44 0 10 28
2025-09-12T06:12:28.944214Z 44 0 10 28
2025-09-12T06:12:28.971260Z 44 0 10 28
2025-09-12T06:12:28.999565Z 44 0 10 28
2025-09-12T06:12:29.027284Z 44 0 10 28
2025-09-12T06:12:29.054778Z 44 0 10 28
2025-09-12T06:12:29.082478Z 44 0 10 28
2025-09-12T06:12:29.109707Z 44 0 10 28
2025-09-12T06:12:29.136771Z 44 0 10 28
2025-09-12T06:12:29.163954Z 44 0 10 28
2025-09-12T06:12:29.190982Z 44 0 10 28
2025-09-12T06:12:29.218077Z 44 0 10 28
2025-09-12T06:12:29.246046Z 44 0 10 28
2025-09-12T06:12:29.273785Z 44 0 10 28
2025-09-12T06:12:29.301825Z 44 0 10 28
2025-09-12T06:12:29.329275Z 44 0 10 28
2025-09-12T06:12:29.356882Z 44 0 10 28
2025-09-12T06:12:29.384924Z 44 0 10 28
2025-09-12T06:12:29.412367Z 44 0 10 28
2025-09-12T06:12:29.440133Z 44 0 10 28
2025-09-12T06:12:29.467221Z 44 0 10 28
2025-09-12T06:12:29.495713Z 44 0 10 28
2025-09-12T06:12:29.523778Z 44 0 10 28
2025-09-12T06:12:29.551659Z 44 0 10 28
2025-09-12T06:12:29.579305Z 44 0 10 28
2025-09-12T06:12:29.606556Z 44 0 10 28
2025-09-12T06:12:29.633882Z 44 0 10 28
2025-09-12T06:12:29.660917Z 44 0 10 28
2025-09-12T06:12:29.688119Z 44 0 10 28
2025-09-12T06:12:29.716217Z 44 0 10 28
2025-09-12T06:12:29.744029Z 44 0 10 28
2025-09-12T06:12:29.771222Z 44 0 10 28
2025-09-12T06:12:29.799698Z 44 0 10 28
2025-09-12T06:12:29.827695Z 44 0 10 28
2025-09-12T06:12:29.854605Z 44 0 10 28
2025-09-12T06:12:29.883193Z 44 0 10 28
2025-09-12T06:12:29.911819Z 44 0 10 28
2025-09-12T06:12:29.939910Z 44 0 10 28
2025-09-12T06:12:29.967875Z 44 0 10 28
2025-09-12T06:12:29.994928Z 44 0 10 28
2025-09-12T06:12:30.022449Z 44 0 10 28
2025-09-12T06:12:30.050352Z 44 0 10 28
2025-09-12T06:12:30.078143Z 44 0 10 28
2025-09-12T06:12:30.106152Z 44 0 10 28
2025-09-12T06:12:30.134144Z 44 0 10 28
2025-09-12T06:12:30.162163Z 44 0 10 28
2025-09-12T06:12:30.190360Z 44 0 10 28
2025-09-12T06:12:30.218580Z 44 0 10 28
2025-09-12T06:12:30.246660Z 44 0 10 28
2025-09-12T06:12:30.274113Z 44 0 10 28
2025-09-12T06:12:30.302025Z 44 0 10 28
2025-09-12T06:12:30.329866Z 44 0 10 28
2025-09-12T06:12:30.358393Z 44 0 10 28
2025-09-12T06:12:30.386858Z 44 0 10 28
2025-09-12T06:12:30.415086Z 44 0 10 28
2025-09-12T06:12:30.443813Z 44 0 10 28
2025-09-12T06:12:30.472129Z 44 0 10 28
2025-09-12T06:12:30.500090Z 44 0 10 28
2025-09-12T06:12:30.526942Z 44 0 10 28
2025-09-12T06:12:30.557714Z 44 0 10 28
2025-09-12T06:12:30.586196Z 44 0 10 28
2025-09-12T06:12:30.614452Z 44 0 10 28
2025-09-12T06:12:30.642104Z 44 0 10 28
2025-09-12T06:12:30.670280Z 44 0 10 28
2025-09-12T06:12:30.698219Z 44 0 10 28
2025-09-12T06:12:30.726482Z 44 0 10 28
2025-09-12T06:12:30.754616Z 44 0 10 28
2025-09-12T06:12:30.782193Z 44 0 10 28
2025-09-12T06:12:30.810054Z 44 0 10 28
2025-09-12T06:12:30.837552Z 44 0 10 28
2025-09-12T06:12:30.865274Z 44 0 10 28
2025-09-12T06:12:30.894004Z 44 0 10 28
2025-09-12T06:12:30.922709Z 44 0 10 28
2025-09-12T06:12:30.949466Z 44 0 10 28
2025-09-12T06:12:30.978087Z 44 0 10 28
2025-09-12T06:12:31.006496Z 44 0 10 28
2025-09-12T06:12:31.033609Z 44 0 10 28
2025-09-12T06:12:31.061972Z 44 0 10 28
2025-09-12T06:12:31.090395Z 44 0 10 28
2025-09-12T06:12:31.118826Z 44 0 10 28
2025-09-12T06:12:31.146066Z 44 0 10 28
2025-09-12T06:12:31.174398Z 44 0 10 28
2025-09-12T06:12:31.203353Z 44 0 10 28
2025-09-12T06:12:31.231244Z 44 0 10 28
2025-09-12T06:12:31.258792Z 44 0 10 28
2025-09-12T06:12:31.287616Z 44 0 10 28
2025-09-12T06:12:31.315630Z 44 0 10 28
2025-09-12T06:12:31.343942Z 44 0 10 28
2025-09-12T06:12:31.372740Z 44 0 10 28
2025-09-12T06:12:31.401009Z 44 0 10 28
2025-09-12T06:12:31.429735Z 44 0 10 28
2025-09-12T06:12:31.457267Z 44 0 10 28
2025-09-12T06:12:31.485319Z 44 0 10 28
2025-09-12T06:12:31.512831Z 44 0 10 28
2025-09-12T06:12:31.540862Z 44 0 10 28
2025-09-12T06:12:31.569429Z 44 0 10 28
2025-09-12T06:12:31.597730Z 44 0 10 28
2025-09-12T06:12:31.625600Z 44 0 10 28
2025-09-12T06:12:31.654285Z 44 0 10 28
2025-09-12T06:12:31.682387Z 44 0 10 28
2025-09-12T06:12:31.710596Z 44 0 10 28
2025-09-12T06:12:31.739359Z 44 0 10 28
2025-09-12T06:12:31.767757Z 44 0 10 28
2025-09-12T06:12:31.795877Z 44 0 10 28
2025-09-12T06:12:31.823865Z 44 0 10 28
2025-09-12T06:12:31.852690Z 44 0 10 28
2025-09-12T06:12:31.880812Z 44 0 10 28
2025-09-12T06:12:31.908910Z 44 0 10 28
2025-09-12T06:12:31.937028Z 44 0 10 28
2025-09-12T06:12:31.964189Z 44 0 10 28
2025-09-12T06:12:31.992860Z 44 0 10 28
2025-09-12T06:12:32.020839Z 44 0 10 28
2025-09-12T06:12:32.048896Z 44 0 10 28
2025-09-12T06:12:32.076019Z 44 0 10 28
2025-09-12T06:12:32.103190Z 44 0 10 28
2025-09-12T06:12:32.131329Z 44 0 10 28
2025-09-12T06:12:32.160016Z 44 0 10 28
2025-09-12T06:12:32.189119Z 44 0 10 28
2025-09-12T06:12:32.217336Z 44 0 10 28
2025-09-12T06:12:32.245617Z 44 0 10 28
2025-09-12T06:12:32.273590Z 44 0 10 28
2025-09-12T06:12:32.300528Z 44 0 10 28
2025-09-12T06:12:32.328654Z 44 0 10 28
2025-09-12T06:12:32.356139Z 44 0 10 28
2025-09-12T06:12:32.383649Z 44 0 10 28
2025-09-12T06:12:32.411906Z 44 0 10 28
2025-09-12T06:12:32.440596Z 44 0 10 28
2025-09-12T06:12:32.468203Z 44 0 10 28
2025-09-12T06:12:32.496242Z 44 0 10 28
2025-09-12T06:12:32.524234Z 44 0 10 28
2025-09-12T06:12:32.552714Z 44 0 10 28
2025-09-12T06:12:32.584379Z 44 0 10 28
2025-09-12T06:12:32.613121Z 44 0 10 28
2025-09-12T06:12:32.640556Z 44 0 10 28
2025-09-12T06:12:32.667792Z 44 0 10 28
2025-09-12T06:12:32.695796Z 44 0 10 28
2025-09-12T06:12:32.722969Z 44 0 10 28
2025-09-12T06:12:32.751446Z 44 0 10 28
2025-09-12T06:12:32.779578Z 44 0 10 28
2025-09-12T06:12:32.807395Z 44 0 10 28
2025-09-12T06:12:32.835391Z 44 0 10 28
2025-09-12T06:12:32.863395Z 44 0 10 28
2025-09-12T06:12:32.891103Z 44 0 10 28
2025-09-12T06:12:32.917851Z 44 0 10 28
2025-09-12T06:12:32.945666Z 44 0 10 28
2025-09-12T06:12:32.973845Z 44 0 10 28
2025-09-12T06:12:33.001254Z 44 0 10 28
2025-09-12T06:12:33.029872Z 44 0 10 28
2025-09-12T06:12:33.058130Z 44 0 10 28
2025-09-12T06:12:33.085995Z 44 0 10 28
2025-09-12T06:12:33.114155Z 44 0 10 28
2025-09-12T06:12:33.142321Z 44 0 10 28
2025-09-12T06:12:33.170265Z 44 0 10 28
2025-09-12T06:12:33.199097Z 44 0 10 28
2025-09-12T06:12:33.227442Z 44 0 10 28
2025-09-12T06:12:33.255341Z 44 0 10 28
2025-09-12T06:12:33.284287Z 44 0 10 28
2025-09-12T06:12:33.311965Z 44 0 10 28
2025-09-12T06:12:33.340452Z 44 0 10 28
2025-09-12T06:12:33.368531Z 44 0 10 28
2025-09-12T06:12:33.396104Z 44 0 10 28
2025-09-12T06:12:33.424628Z 44 0 10 28
2025-09-12T06:12:33.452814Z 44 0 10 28
2025-09-12T06:12:33.480920Z 44 0 10 28
2025-09-12T06:12:33.507767Z 44 0 10 28
2025-09-12T06:12:33.535970Z 44 0 10 28
2025-09-12T06:12:33.563987Z 44 0 10 28
2025-09-12T06:12:33.592979Z 44 0 10 28
2025-09-12T06:12:33.620861Z 44 0 10 28
2025-09-12T06:12:33.648607Z 44 0 10 28
2025-09-12T06:12:33.676360Z 44 0 10 28
2025-09-12T06:12:33.704180Z 44 0 10 28
2025-09-12T06:12:33.731676Z 44 0 10 28
2025-09-12T06:12:33.759457Z 44 0 10 28
2025-09-12T06:12:33.786924Z 44 0 10 28
2025-09-12T06:12:33.814745Z 44 0 10 28
2025-09-12T06:12:33.843401Z 44 0 10 28
2025-09-12T06:12:33.871039Z 44 0 10 28
2025-09-12T06:12:33.899054Z 44 0 10 28
2025-09-12T06:12:33.926887Z 44 0 10 28
2025-09-12T06:12:33.954405Z 44 0 10 28
2025-09-12T06:12:33.982220Z 44 0 10 28
2025-09-12T06:12:34.010813Z 44 0 10 28
2025-09-12T06:12:34.037977Z 44 0 10 28
2025-09-12T06:12:34.065995Z 44 0 10 28
2025-09-12T06:12:34.093684Z 44 0 10 28
2025-09-12T06:12:34.121461Z 44 0 10 28
2025-09-12T06:12:34.149252Z 44 0 10 28
2025-09-12T06:12:34.176685Z 44 0 10 28
2025-09-12T06:12:34.204437Z 44 0 10 28
2025-09-12T06:12:34.231655Z 44 0 10 28
2025-09-12T06:12:34.259331Z 44 0 10 28
2025-09-12T06:12:34.286899Z 44 0 10 28
2025-09-12T06:12:34.314696Z 44 0 10 28
2025-09-12T06:12:34.342441Z 44 0 10 28
2025-09-12T06:12:34.369642Z 44 0 10 28
2025-09-12T06:12:34.397711Z 44 0 10 28
2025-09-12T06:12:34.425841Z 44 0 10 28
2025-09-12T06:12:34.453862Z 44 0 10 28
2025-09-12T06:12:34.481229Z 44 0 10 28
2025-09-12T06:12:34.509094Z 44 0 10 28
2025-09-12T06:12:34.536499Z 44 0 10 28
2025-09-12T06:12:34.564548Z 44 0 10 28
2025-09-12T06:12:34.591753Z 44 0 10 28
2025-09-12T06:12:34.619610Z 44 0 10 28
2025-09-12T06:12:34.647405Z 44 0 10 28
2025-09-12T06:12:34.674836Z 44 0 10 28
2025-09-12T06:12:34.702404Z 44 0 10 28
2025-09-12T06:12:34.729769Z 44 0 10 28
2025-09-12T06:12:34.757522Z 44 0 10 28
2025-09-12T06:12:34.784903Z 44 0 10 28
2025-09-12T06:12:34.812907Z 44 0 10 28
2025-09-12T06:12:34.840940Z 44 0 10 28
2025-09-12T06:12:34.867716Z 44 0 10 28
2025-09-12T06:12:34.894997Z 44 0 10 28
2025-09-12T06:12:34.922291Z 44 0 10 28
2025-09-12T06:12:34.950291Z 44 0 10 28
2025-09-12T06:12:34.978140Z 44 0 10 28
2025-09-12T06:12:35.005431Z 44 0 10 28
2025-09-12T06:12:35.033425Z 44 0 10 28
2025-09-12T06:12:35.061349Z 44 0 10 28
2025-09-12T06:12:35.089146Z 44 0 10 28
2025-09-12T06:12:35.116397Z 44 0 10 28
2025-09-12T06:12:35.144345Z 44 0 10 28
2025-09-12T06:12:35.171593Z 44 0 10 28
2025-09-12T06:12:35.199533Z 44 0 10 28
2025-09-12T06:12:35.227636Z 44 0 10 28
2025-09-12T06:12:35.255329Z 44 0 10 28
2025-09-12T06:12:35.282738Z 44 0 10 28
2025-09-12T06:12:35.310309Z 44 0 10 28
2025-09-12T06:12:35.338391Z 44 0 10 28
2025-09-12T06:12:35.366967Z 44 0 10 28
2025-09-12T06:12:35.395069Z 44 0 10 28
2025-09-12T06:12:35.423143Z 44 0 10 28
2025-09-12T06:12:35.451346Z 44 0 10 28
2025-09-12T06:12:35.479259Z 44 0 10 28
2025-09-12T06:12:35.506432Z 44 0 10 28
2025-09-12T06:12:35.534404Z 44 0 10 28
2025-09-12T06:12:35.562715Z 44 0 10 28
2025-09-12T06:12:35.590303Z 44 0 10 28
2025-09-12T06:12:35.618511Z 44 0 10 28
2025-09-12T06:12:35.646738Z 44 0 10 28
2025-09-12T06:12:35.674931Z 44 0 10 28
2025-09-12T06:12:35.702815Z 44 0 10 28
2025-09-12T06:12:35.731084Z 44 0 10 28
2025-09-12T06:12:35.759082Z 44 0 10 28
2025-09-12T06:12:35.786335Z 44 0 10 28
2025-09-12T06:12:35.814864Z 44 0 10 28
2025-09-12T06:12:35.842924Z 44 0 10 28
2025-09-12T06:12:35.871077Z 44 0 10 28
2025-09-12T06:12:35.899134Z 44 0 10 28
2025-09-12T06:12:35.926588Z 44 0 10 28
2025-09-12T06:12:35.954533Z 44 0 10 28
2025-09-12T06:12:35.982657Z 44 0 10 28
2025-09-12T06:12:36.010607Z 44 0 10 28
2025-09-12T06:12:36.038843Z 44 0 10 28
2025-09-12T06:12:36.066240Z 44 0 10 28
2025-09-12T06:12:36.094463Z 44 0 10 28
2025-09-12T06:12:36.122641Z 44 0 10 28
2025-09-12T06:12:36.150323Z 44 0 10 28
2025-09-12T06:12:36.178164Z 44 0 10 28
2025-09-12T06:12:36.205976Z 44 0 10 28
2025-09-12T06:12:36.233305Z 44 0 10 28
2025-09-12T06:12:36.261304Z 44 0 10 28
2025-09-12T06:12:36.289309Z 44 0 10 28
2025-09-12T06:12:36.318006Z 44 0 10 28
2025-09-12T06:12:36.346843Z 44 0 10 28
2025-09-12T06:12:36.374872Z 44 0 10 28
2025-09-12T06:12:36.402361Z 44 0 10 28
2025-09-12T06:12:36.429770Z 44 0 10 28
2025-09-12T06:12:36.458429Z 44 0 10 28
2025-09-12T06:12:36.486642Z 44 0 10 28
2025-09-12T06:12:36.514655Z 44 0 10 28
2025-09-12T06:12:36.542007Z 44 0 10 28
2025-09-12T06:12:36.569897Z 44 0 10 28
2025-09-12T06:12:36.599249Z 44 0 10 28
2025-09-12T06:12:36.627932Z 44 0 10 28
2025-09-12T06:12:36.655810Z 44 0 10 28
2025-09-12T06:12:36.683848Z 44 0 10 28
2025-09-12T06:12:36.711883Z 44 0 10 28
2025-09-12T06:12:36.739460Z 44 0 10 28
2025-09-12T06:12:36.767221Z 44 0 10 28
2025-09-12T06:12:36.794975Z 44 0 10 28
2025-09-12T06:12:36.822977Z 44 0 10 28
2025-09-12T06:12:36.851313Z 44 0 10 28
2025-09-12T06:12:36.879459Z 44 0 10 28
2025-09-12T06:12:36.907487Z 44 0 10 28
2025-09-12T06:12:36.934558Z 44 0 10 28
2025-09-12T06:12:36.962593Z 44 0 10 28
2025-09-12T06:12:36.991192Z 44 0 10 28
2025-09-12T06:12:37.018437Z 44 0 10 28
2025-09-12T06:12:37.046602Z 44 0 10 28
2025-09-12T06:12:37.074616Z 44 0 10 28
2025-09-12T06:12:37.102632Z 44 0 10 28
2025-09-12T06:12:37.130722Z 44 0 10 28
2025-09-12T06:12:37.158174Z 44 0 10 28
2025-09-12T06:12:37.186025Z 44 0 10 28
2025-09-12T06:12:37.213981Z 44 0 10 28
2025-09-12T06:12:37.241281Z 44 0 10 28
2025-09-12T06:12:37.269682Z 44 0 10 28
2025-09-12T06:12:37.297747Z 44 0 10 28
2025-09-12T06:12:37.326012Z 44 0 10 28
2025-09-12T06:12:37.353929Z 44 0 10 28
2025-09-12T06:12:37.381970Z 44 0 10 28
2025-09-12T06:12:37.408936Z 44 0 10 28
2025-09-12T06:12:37.437077Z 44 0 10 28
2025-09-12T06:12:37.465241Z 44 0 10 28
2025-09-12T06:12:37.492688Z 44 0 10 28
2025-09-12T06:12:37.521447Z 44 0 10 28
2025-09-12T06:12:37.549699Z 44 0 10 28
2025-09-12T06:12:37.577667Z 44 0 10 28
2025-09-12T06:12:37.605614Z 44 0 10 28
2025-09-12T06:12:37.633588Z 44 0 10 28
2025-09-12T06:12:37.661541Z 44 0 10 28
2025-09-12T06:12:37.689614Z 44 0 10 28
2025-09-12T06:12:37.717558Z 44 0 10 28
2025-09-12T06:12:37.745730Z 44 0 10 28
2025-09-12T06:12:37.773741Z 44 0 10 28
2025-09-12T06:12:37.801386Z 44 0 10 28
2025-09-12T06:12:37.829678Z 44 0 10 28
2025-09-12T06:12:37.857773Z 44 0 10 28
2025-09-12T06:12:37.885360Z 44 0 10 28
2025-09-12T06:12:37.912797Z 44 0 10 28
2025-09-12T06:12:37.940721Z 44 0 10 28
2025-09-12T06:12:37.968600Z 44 0 10 28
2025-09-12T06:12:37.996652Z 44 0 10 28
2025-09-12T06:12:38.023843Z 44 0 10 28
2025-09-12T06:12:38.050880Z 44 0 10 28
2025-09-12T06:12:38.078681Z 44 0 10 28
2025-09-12T06:12:38.106030Z 44 0 10 28
2025-09-12T06:12:38.133097Z 44 0 10 28
2025-09-12T06:12:38.160815Z 44 0 10 28
2025-09-12T06:12:38.187837Z 44 0 10 28
2025-09-12T06:12:38.216605Z 44 0 10 28
2025-09-12T06:12:38.243411Z 44 0 10 28
2025-09-12T06:12:38.271106Z 44 0 10 28
2025-09-12T06:12:38.298423Z 44 0 10 28
2025-09-12T06:12:38.325945Z 44 0 10 28
2025-09-12T06:12:38.353413Z 44 0 10 28
2025-09-12T06:12:38.380477Z 44 0 10 28
2025-09-12T06:12:38.408532Z 44 0 10 28
2025-09-12T06:12:38.436384Z 44 0 10 28
2025-09-12T06:12:38.464420Z 44 0 10 28
2025-09-12T06:12:38.491720Z 44 0 10 28
2025-09-12T06:12:38.519566Z 44 0 10 28
2025-09-12T06:12:38.547552Z 44 0 10 28
2025-09-12T06:12:38.576971Z 44 0 10 28
2025-09-12T06:12:38.604339Z 44 0 10 28
2025-09-12T06:12:38.631895Z 44 0 10 28
2025-09-12T06:12:38.658835Z 44 0 10 28
2025-09-12T06:12:38.686307Z 44 0 10 28
2025-09-12T06:12:38.713824Z 44 0 10 28
2025-09-12T06:12:38.740533Z 44 0 10 28
2025-09-12T06:12:38.768407Z 44 0 10 28
2025-09-12T06:12:38.796153Z 44 0 10 28
2025-09-12T06:12:38.823295Z 44 0 10 28
2025-09-12T06:12:38.851209Z 44 0 10 28
2025-09-12T06:12:38.878410Z 44 0 10 28
2025-09-12T06:12:38.906185Z 44 0 10 28
2025-09-12T06:12:38.934820Z 44 0 10 28
2025-09-12T06:12:38.962775Z 44 0 10 28
2025-09-12T06:12:38.990436Z 44 0 10 28
2025-09-12T06:12:39.018422Z 44 0 10 28
2025-09-12T06:12:39.046541Z 44 0 10 28
2025-09-12T06:12:39.074541Z 44 0 10 28
2025-09-12T06:12:39.102490Z 44 0 10 28
2025-09-12T06:12:39.129760Z 44 0 10 28
2025-09-12T06:12:39.156585Z 44 0 10 28
2025-09-12T06:12:39.184625Z 44 0 10 28
2025-09-12T06:12:39.212010Z 44 0 10 28
2025-09-12T06:12:39.238914Z 44 0 10 28
2025-09-12T06:12:39.266526Z 44 0 10 28
2025-09-12T06:12:39.294811Z 44 0 10 28
2025-09-12T06:12:39.322912Z 44 0 10 28
2025-09-12T06:12:39.350949Z 44 0 10 28
2025-09-12T06:12:39.378304Z 44 0 10 28
2025-09-12T06:12:39.406137Z 44 0 10 28
2025-09-12T06:12:39.433926Z 44 0 10 28
2025-09-12T06:12:39.461457Z 44 0 10 28
2025-09-12T06:12:39.489955Z 44 0 10 28
2025-09-12T06:12:39.518148Z 44 0 10 28
2025-09-12T06:12:39.547366Z 44 0 10 28
2025-09-12T06:12:39.574317Z 44 0 10 28
2025-09-12T06:12:39.602425Z 44 0 10 28
2025-09-12T06:12:39.630489Z 44 0 10 28
2025-09-12T06:12:39.658569Z 44 0 10 28
2025-09-12T06:12:39.686157Z 44 0 10 28
2025-09-12T06:12:39.714456Z 44 0 10 28
2025-09-12T06:12:39.741627Z 44 0 10 28
2025-09-12T06:12:39.770062Z 44 0 10 28
2025-09-12T06:12:39.798413Z 44 0 10 28
2025-09-12T06:12:39.826190Z 44 0 10 28
2025-09-12T06:12:39.853983Z 44 0 10 28
2025-09-12T06:12:39.881678Z 44 0 10 28
2025-09-12T06:12:39.910134Z 44 0 10 28
2025-09-12T06:12:39.937766Z 44 0 10 28
2025-09-12T06:12:39.964869Z 44 0 10 28
2025-09-12T06:12:39.993108Z 44 0 10 28
2025-09-12T06:12:40.021157Z 44 0 10 28
2025-09-12T06:12:40.048563Z 44 0 10 28
2025-09-12T06:12:40.076466Z 44 0 10 28
2025-09-12T06:12:40.103816Z 44 0 10 28
2025-09-12T06:12:40.130917Z 44 0 10 28
2025-09-12T06:12:40.158932Z 44 0 10 28
2025-09-12T06:12:40.186941Z 44 0 10 28
2025-09-12T06:12:40.214914Z 44 0 10 28
2025-09-12T06:12:40.241998Z 44 0 10 28
2025-09-12T06:12:40.270755Z 44 0 10 28
2025-09-12T06:12:40.298836Z 44 0 10 28
2025-09-12T06:12:40.326062Z 44 0 10 28
2025-09-12T06:12:40.353475Z 44 0 10 28
2025-09-12T06:12:40.381390Z 44 0 10 28
2025-09-12T06:12:40.409874Z 44 0 10 28
2025-09-12T06:12:40.437367Z 44 0 10 28
2025-09-12T06:12:40.465185Z 44 0 10 28
2025-09-12T06:12:40.494599Z 44 0 10 28
2025-09-12T06:12:40.526338Z 44 0 10 28
2025-09-12T06:12:40.556682Z 44 0 10 28
2025-09-12T06:12:40.584783Z 44 0 10 28
2025-09-12T06:12:40.612294Z 44 0 10 28
2025-09-12T06:12:40.640753Z 44 0 10 28
2025-09-12T06:12:40.669023Z 44 0 10 28
2025-09-12T06:12:40.697045Z 44 0 10 28
2025-09-12T06:12:40.724782Z 44 0 10 28
2025-09-12T06:12:40.752740Z 44 0 10 28
2025-09-12T06:12:40.781334Z 44 0 10 28
2025-09-12T06:12:40.809699Z 44 0 10 28
2025-09-12T06:12:40.837646Z 44 0 10 28
2025-09-12T06:12:40.866571Z 44 0 10 28
2025-09-12T06:12:40.894515Z 44 0 10 28
2025-09-12T06:12:40.923083Z 44 0 10 28
2025-09-12T06:12:40.950550Z 44 0 10 28
2025-09-12T06:12:40.978603Z 44 0 10 28
2025-09-12T06:12:41.006355Z 44 0 10 28
2025-09-12T06:12:41.033717Z 44 0 10 28
2025-09-12T06:12:41.061761Z 44 0 10 28
2025-09-12T06:12:41.089541Z 44 0 10 28
2025-09-12T06:12:41.116397Z 44 0 10 28
2025-09-12T06:12:41.145074Z 44 0 10 28
2025-09-12T06:12:41.172741Z 44 0 10 28
2025-09-12T06:12:41.204394Z 44 0 10 28
2025-09-12T06:12:41.232532Z 44 0 10 28
2025-09-12T06:12:41.260615Z 44 0 10 28
2025-09-12T06:12:41.288678Z 44 0 10 28
2025-09-12T06:12:41.316804Z 44 0 10 28
2025-09-12T06:12:41.344846Z 44 0 10 28
2025-09-12T06:12:41.372123Z 44 0 10 28
2025-09-12T06:12:41.400769Z 44 0 10 28
2025-09-12T06:12:41.428978Z 44 0 10 28
2025-09-12T06:12:41.457122Z 44 0 10 28
2025-09-12T06:12:41.485302Z 44 0 10 28
2025-09-12T06:12:41.513750Z 44 0 10 28
2025-09-12T06:12:41.541397Z 44 0 10 28
2025-09-12T06:12:41.570038Z 44 0 10 28
2025-09-12T06:12:41.598006Z 44 0 10 28
2025-09-12T06:12:41.625564Z 44 0 10 28
2025-09-12T06:12:41.652929Z 44 0 10 28
2025-09-12T06:12:41.680742Z 44 0 10 28
2025-09-12T06:12:41.708017Z 44 0 10 28
2025-09-12T06:12:41.735102Z 44 0 10 28
2025-09-12T06:12:41.763152Z 44 0 10 28
2025-09-12T06:12:41.790921Z 44 0 10 28
2025-09-12T06:12:41.818908Z 44 0 10 28
2025-09-12T06:12:41.846084Z 44 0 10 28
2025-09-12T06:12:41.873953Z 44 0 10 28
2025-09-12T06:12:41.901379Z 44 0 10 28
2025-09-12T06:12:41.928910Z 44 0 10 28
2025-09-12T06:12:41.956920Z 44 0 10 28
2025-09-12T06:12:41.985729Z 44 0 10 28
2025-09-12T06:12:42.016293Z 44 0 10 28
2025-09-12T06:12:42.044471Z 44 0 10 28
2025-09-12T06:12:42.072552Z 44 0 10 28
2025-09-12T06:12:42.100407Z 44 0 10 28
2025-09-12T06:12:42.128546Z 44 0 10 28
2025-09-12T06:12:42.157023Z 44 0 10 28
2025-09-12T06:12:42.186294Z 44 0 10 28
2025-09-12T06:12:42.215988Z 44 0 10 28
2025-09-12T06:12:42.246300Z 44 0 10 28
2025-09-12T06:12:42.274799Z 44 0 10 28
2025-09-12T06:12:42.303499Z 44 0 10 28
2025-09-12T06:12:42.332384Z 44 0 10 28
2025-09-12T06:12:42.359354Z 44 0 10 28
2025-09-12T06:12:42.387446Z 44 0 10 28
2025-09-12T06:12:42.415455Z 44 0 10 28
2025-09-12T06:12:42.443375Z 44 0 10 28
2025-09-12T06:12:42.470437Z 44 0 10 28
2025-09-12T06:12:42.498803Z 44 0 10 28
2025-09-12T06:12:42.527383Z 44 0 10 28
2025-09-12T06:12:42.555101Z 44 0 10 28
2025-09-12T06:12:42.583426Z 44 0 10 28
2025-09-12T06:12:42.612312Z 44 0 10 28
2025-09-12T06:12:42.640675Z 44 0 10 28
2025-09-12T06:12:42.670384Z 44 0 10 28
2025-09-12T06:12:42.699154Z 44 0 10 28
2025-09-12T06:12:42.728083Z 44 0 10 28
2025-09-12T06:12:42.756220Z 44 0 10 28
2025-09-12T06:12:42.786097Z 44 0 10 28
2025-09-12T06:12:42.816368Z 44 0 10 28
2025-09-12T06:12:42.844867Z 44 0 10 28
2025-09-12T06:12:42.873314Z 44 0 10 28
2025-09-12T06:12:42.903752Z 44 0 10 28
2025-09-12T06:12:42.934017Z 44 0 10 28
2025-09-12T06:12:42.963960Z 44 0 10 28
2025-09-12T06:12:42.992668Z 44 0 10 28
2025-09-12T06:12:43.021430Z 44 0 10 28
2025-09-12T06:12:43.050087Z 44 0 10 28
2025-09-12T06:12:43.079064Z 44 0 10 28
2025-09-12T06:12:43.108115Z 44 0 10 28
2025-09-12T06:12:43.138386Z 44 0 10 28
2025-09-12T06:12:43.166760Z 44 0 10 28
2025-09-12T06:12:43.195523Z 44 0 10 28
2025-09-12T06:12:43.224154Z 44 0 10 28
2025-09-12T06:12:43.252426Z 44 0 10 28
2025-09-12T06:12:43.282611Z 44 0 10 28
2025-09-12T06:12:43.311326Z 44 0 10 28
2025-09-12T06:12:43.340080Z 44 0 10 28
2025-09-12T06:12:43.367865Z 44 0 10 28
2025-09-12T06:12:43.396881Z 44 0 10 28
2025-09-12T06:12:43.425940Z 44 0 10 28
2025-09-12T06:12:43.455115Z 44 0 10 28
2025-09-12T06:12:43.483906Z 44 0 10 28
2025-09-12T06:12:43.512387Z 44 0 10 28
2025-09-12T06:12:43.541345Z 44 0 10 28
2025-09-12T06:12:43.571123Z 44 0 10 28
2025-09-12T06:12:43.600199Z 44 0 10 28
2025-09-12T06:12:43.629095Z 44 0 10 28
2025-09-12T06:12:43.657612Z 44 0 10 28
2025-09-12T06:12:43.686280Z 44 0 10 28
2025-09-12T06:12:43.715355Z 44 0 10 28
2025-09-12T06:12:43.744031Z 44 0 10 28
2025-09-12T06:12:43.772037Z 44 0 10 28
2025-09-12T06:12:43.800709Z 44 0 10 28
2025-09-12T06:12:43.828879Z 44 0 10 28
2025-09-12T06:12:43.857281Z 44 0 10 28
2025-09-12T06:12:43.885803Z 44 0 10 28
2025-09-12T06:12:43.915023Z 44 0 10 28
2025-09-12T06:12:43.943261Z 44 0 10 28
2025-09-12T06:12:43.971534Z 44 0 10 28
2025-09-12T06:12:44.000860Z 44 0 10 28
2025-09-12T06:12:44.029490Z 44 0 10 28
2025-09-12T06:12:44.060558Z 44 0 10 28
2025-09-12T06:12:44.089510Z 44 0 10 28
2025-09-12T06:12:44.118946Z 44 0 10 28
2025-09-12T06:12:44.147469Z 44 0 10 28
2025-09-12T06:12:44.175926Z 44 0 10 28
2025-09-12T06:12:44.204606Z 44 0 10 28
2025-09-12T06:12:44.233586Z 44 0 10 28
2025-09-12T06:12:44.262583Z 44 0 10 28
2025-09-12T06:12:44.291634Z 44 0 10 28
2025-09-12T06:12:44.319989Z 44 0 10 28
2025-09-12T06:12:44.348328Z 44 0 10 28
2025-09-12T06:12:44.377652Z 44 0 10 28
2025-09-12T06:12:44.407196Z 44 0 10 28
2025-09-12T06:12:44.438605Z 44 0 10 28
2025-09-12T06:12:44.467201Z 44 0 10 28
2025-09-12T06:12:44.495667Z 44 0 10 28
2025-09-12T06:12:44.524902Z 44 0 10 28
2025-09-12T06:12:44.553361Z 44 0 10 28
2025-09-12T06:12:44.582846Z 44 0 10 28
2025-09-12T06:12:44.611926Z 44 0 10 28
2025-09-12T06:12:44.643565Z 44 0 10 28
2025-09-12T06:12:44.672936Z 44 0 10 28
2025-09-12T06:12:44.700819Z 44 0 10 28
2025-09-12T06:12:44.733380Z 44 0 10 28
2025-09-12T06:12:44.763296Z 44 0 10 28
2025-09-12T06:12:44.792405Z 44 0 10 28
2025-09-12T06:12:44.821330Z 44 0 10 28
2025-09-12T06:12:44.851713Z 44 0 10 28
2025-09-12T06:12:44.881783Z 44 0 10 28
2025-09-12T06:12:44.910455Z 44 0 10 28
2025-09-12T06:12:44.940036Z 44 0 10 28
2025-09-12T06:12:44.968864Z 44 0 10 28
2025-09-12T06:12:44.997853Z 44 0 10 28
2025-09-12T06:12:45.029922Z 44 0 10 28
2025-09-12T06:12:45.057723Z 44 0 10 28
2025-09-12T06:12:45.086930Z 44 0 10 28
2025-09-12T06:12:45.116113Z 44 0 10 28
2025-09-12T06:12:45.146176Z 44 0 10 28
2025-09-12T06:12:45.174597Z 44 0 10 28
2025-09-12T06:12:45.204924Z 44 0 10 28
2025-09-12T06:12:45.232898Z 44 0 10 28
2025-09-12T06:12:45.261171Z 44 0 10 28
2025-09-12T06:12:45.289684Z 44 0 10 28
2025-09-12T06:12:45.317803Z 44 0 10 28
2025-09-12T06:12:45.345967Z 44 0 10 28
2025-09-12T06:12:45.374336Z 44 0 10 28
2025-09-12T06:12:45.404014Z 44 0 10 28
2025-09-12T06:12:45.432248Z 44 0 10 28
2025-09-12T06:12:45.461221Z 44 0 10 28
2025-09-12T06:12:45.490178Z 44 0 10 28
2025-09-12T06:12:45.520307Z 44 0 10 28
2025-09-12T06:12:45.549927Z 44 0 10 28
2025-09-12T06:12:45.577934Z 44 0 10 28
2025-09-12T06:12:45.607608Z 44 0 10 28
2025-09-12T06:12:45.637098Z 44 0 10 28
2025-09-12T06:12:45.666297Z 44 0 10 28
2025-09-12T06:12:45.696207Z 44 0 10 28
2025-09-12T06:12:45.725241Z 44 0 10 28
2025-09-12T06:12:45.754412Z 44 0 10 28
2025-09-12T06:12:45.783532Z 44 0 10 28
2025-09-12T06:12:45.812201Z 44 0 10 28
2025-09-12T06:12:45.840803Z 44 0 10 28
2025-09-12T06:12:45.870440Z 44 0 10 28
2025-09-12T06:12:45.899025Z 44 0 10 28
2025-09-12T06:12:45.927470Z 44 0 10 28
2025-09-12T06:12:45.957073Z 44 0 10 28
2025-09-12T06:12:45.986229Z 44 0 10 28
2025-09-12T06:12:46.015359Z 44 0 10 28
2025-09-12T06:12:46.044776Z 44 0 10 28
2025-09-12T06:12:46.073929Z 44 0 10 28
2025-09-12T06:12:46.103025Z 44 0 10 28
2025-09-12T06:12:46.132796Z 44 0 10 28
2025-09-12T06:12:46.161216Z 44 0 10 28
2025-09-12T06:12:46.190717Z 44 0 10 28
2025-09-12T06:12:46.220263Z 44 0 10 28
2025-09-12T06:12:46.249126Z 44 0 10 28
2025-09-12T06:12:46.276976Z 44 0 10 28
2025-09-12T06:12:46.307672Z 44 0 10 28
2025-09-12T06:12:46.336547Z 44 0 10 28
2025-09-12T06:12:46.365970Z 44 0 10 28
2025-09-12T06:12:46.395607Z 44 0 10 28
2025-09-12T06:12:46.424715Z 44 0 10 28
2025-09-12T06:12:46.454526Z 44 0 10 28
2025-09-12T06:12:46.483741Z 44 0 10 28
2025-09-12T06:12:46.512741Z 44 0 10 28
2025-09-12T06:12:46.541603Z 44 0 10 28
2025-09-12T06:12:46.570107Z 44 0 10 28
2025-09-12T06:12:46.598514Z 44 0 10 28
2025-09-12T06:12:46.627253Z 44 0 10 28
2025-09-12T06:12:46.655241Z 44 0 10 28
2025-09-12T06:12:46.683911Z 44 0 10 28
2025-09-12T06:12:46.712114Z 44 0 10 28
2025-09-12T06:12:46.740257Z 44 0 10 28
2025-09-12T06:12:46.769187Z 44 0 10 28
2025-09-12T06:12:46.796774Z 44 0 10 28
2025-09-12T06:12:46.825099Z 44 0 10 28
2025-09-12T06:12:46.853571Z 44 0 10 28
2025-09-12T06:12:46.882187Z 44 0 10 28
2025-09-12T06:12:46.909925Z 44 0 10 28
2025-09-12T06:12:46.938034Z 44 0 10 28
2025-09-12T06:12:46.966143Z 44 0 10 28
2025-09-12T06:12:46.994627Z 44 0 10 28
2025-09-12T06:12:47.024470Z 44 0 10 28
2025-09-12T06:12:47.053450Z 44 0 10 28
2025-09-12T06:12:47.081816Z 44 0 10 28
2025-09-12T06:12:47.110275Z 44 0 10 28
2025-09-12T06:12:47.138774Z 44 0 10 28
2025-09-12T06:12:47.167523Z 44 0 10 28
2025-09-12T06:12:47.195770Z 44 0 10 28
2025-09-12T06:12:47.223786Z 44 0 10 28
2025-09-12T06:12:47.252118Z 44 0 10 28
2025-09-12T06:12:47.280980Z 44 0 10 28
2025-09-12T06:12:47.309212Z 44 0 10 28
2025-09-12T06:12:47.337023Z 44 0 10 28
2025-09-12T06:12:47.364571Z 44 0 10 28
2025-09-12T06:12:47.392003Z 44 0 10 28
2025-09-12T06:12:47.419988Z 44 0 10 28
2025-09-12T06:12:47.448746Z 44 0 10 28
2025-09-12T06:12:47.476288Z 44 0 10 28
2025-09-12T06:12:47.505919Z 44 0 10 28
2025-09-12T06:12:47.535878Z 44 0 10 28
2025-09-12T06:12:47.564817Z 44 0 10 28
2025-09-12T06:12:47.594204Z 44 0 10 28
2025-09-12T06:12:47.623416Z 44 0 10 28
2025-09-12T06:12:47.652729Z 44 0 10 28
2025-09-12T06:12:47.681818Z 44 0 10 28
2025-09-12T06:12:47.710069Z 44 0 10 28
2025-09-12T06:12:47.738957Z 44 0 10 28
2025-09-12T06:12:47.766820Z 44 0 10 28
2025-09-12T06:12:47.795277Z 44 0 10 28
2025-09-12T06:12:47.824077Z 44 0 10 28
2025-09-12T06:12:47.853081Z 44 0 10 28
2025-09-12T06:12:47.880811Z 44 0 10 28
2025-09-12T06:12:47.909300Z 44 0 10 28
2025-09-12T06:12:47.937515Z 44 0 10 28
2025-09-12T06:12:47.964878Z 44 0 10 28
2025-09-12T06:12:47.993793Z 44 0 10 28
2025-09-12T06:12:48.022498Z 44 0 10 28
2025-09-12T06:12:48.051425Z 44 0 10 28
2025-09-12T06:12:48.080523Z 44 0 10 28
2025-09-12T06:12:48.109741Z 44 0 10 28
2025-09-12T06:12:48.138753Z 44 0 10 28
2025-09-12T06:12:48.168656Z 44 0 10 28
2025-09-12T06:12:48.196889Z 44 0 10 28
2025-09-12T06:12:48.225837Z 44 0 10 28
2025-09-12T06:12:48.256599Z 44 0 10 28
2025-09-12T06:12:48.286439Z 44 0 10 28
2025-09-12T06:12:48.314333Z 44 0 10 28
2025-09-12T06:12:48.342529Z 44 0 10 28
2025-09-12T06:12:48.370361Z 44 0 10 28
2025-09-12T06:12:48.398768Z 44 0 10 28
2025-09-12T06:12:48.425711Z 44 0 10 28
2025-09-12T06:12:48.454693Z 44 0 10 28
2025-09-12T06:12:48.482665Z 44 0 10 28
2025-09-12T06:12:48.510846Z 44 0 10 28
2025-09-12T06:12:48.538740Z 44 0 10 28
2025-09-12T06:12:48.567246Z 44 0 10 28
2025-09-12T06:12:48.597850Z 44 0 10 28
2025-09-12T06:12:48.626953Z 44 0 10 28
2025-09-12T06:12:48.655926Z 44 0 10 28
2025-09-12T06:12:48.684872Z 44 0 10 28
2025-09-12T06:12:48.714027Z 44 0 10 28
2025-09-12T06:12:48.742785Z 44 0 10 28
2025-09-12T06:12:48.771743Z 44 0 10 28
2025-09-12T06:12:48.799843Z 44 0 10 28
2025-09-12T06:12:48.828114Z 44 0 10 28
2025-09-12T06:12:48.856920Z 44 0 10 28
2025-09-12T06:12:48.884474Z 44 0 10 28
2025-09-12T06:12:48.912383Z 44 0 10 28
2025-09-12T06:12:48.941022Z 44 0 10 28
2025-09-12T06:12:48.969175Z 44 0 10 28
2025-09-12T06:12:48.997520Z 44 0 10 28
2025-09-12T06:12:49.026318Z 44 0 10 28
2025-09-12T06:12:49.055874Z 44 0 10 28
2025-09-12T06:12:49.084567Z 44 0 10 28
2025-09-12T06:12:49.113400Z 44 0 10 28
2025-09-12T06:12:49.141172Z 44 0 10 28
2025-09-12T06:12:49.169741Z 44 0 10 28
2025-09-12T06:12:49.197871Z 44 0 10 28
2025-09-12T06:12:49.226132Z 44 0 10 28
2025-09-12T06:12:49.254654Z 44 0 10 28
2025-09-12T06:12:49.283076Z 44 0 10 28
2025-09-12T06:12:49.311183Z 44 0 10 28
2025-09-12T06:12:49.339313Z 44 0 10 28
2025-09-12T06:12:49.367959Z 44 0 10 28
2025-09-12T06:12:49.396503Z 44 0 10 28
2025-09-12T06:12:49.425060Z 44 0 10 28
2025-09-12T06:12:49.453171Z 44 0 10 28
2025-09-12T06:12:49.482193Z 44 0 10 28
2025-09-12T06:12:49.510166Z 44 0 10 28
2025-09-12T06:12:49.539155Z 44 0 10 28
2025-09-12T06:12:49.567986Z 44 0 10 28
2025-09-12T06:12:49.596963Z 44 0 10 28
2025-09-12T06:12:49.625035Z 44 0 10 28
2025-09-12T06:12:49.652828Z 44 0 10 28
2025-09-12T06:12:49.680202Z 44 0 10 28
2025-09-12T06:12:49.708182Z 44 0 10 28
2025-09-12T06:12:49.736226Z 44 0 10 28
2025-09-12T06:12:49.764361Z 44 0 10 28
2025-09-12T06:12:49.792367Z 44 0 10 28
2025-09-12T06:12:49.820223Z 44 0 10 28
2025-09-12T06:12:49.847662Z 44 0 10 28
2025-09-12T06:12:49.875280Z 44 0 10 28
2025-09-12T06:12:49.902707Z 44 0 10 28
2025-09-12T06:12:49.930556Z 44 0 10 28
2025-09-12T06:12:49.958646Z 44 0 10 28
2025-09-12T06:12:49.985898Z 44 0 10 28
2025-09-12T06:12:50.014037Z 44 0 10 28
2025-09-12T06:12:50.041337Z 44 0 10 28
2025-09-12T06:12:50.069733Z 44 0 10 28
2025-09-12T06:12:50.098136Z 44 0 10 28
2025-09-12T06:12:50.126834Z 44 0 10 28
2025-09-12T06:12:50.154436Z 44 0 10 28
2025-09-12T06:12:50.182050Z 44 0 10 28
2025-09-12T06:12:50.210211Z 44 0 10 28
2025-09-12T06:12:50.237954Z 44 0 10 28
2025-09-12T06:12:50.265688Z 44 0 10 28
2025-09-12T06:12:50.294072Z 44 0 10 28
2025-09-12T06:12:50.322191Z 44 0 10 28
2025-09-12T06:12:50.351409Z 44 0 10 28
