2025-09-12T06:12:19.606677Z 0 0 0 0
2025-09-12T06:12:19.628618Z 0 0 0 3
2025-09-12T06:12:19.638105Z 1 1 0 3
2025-09-12T06:12:19.650762Z 1 0 1 5
2025-09-12T06:12:19.660331Z 2 1 0 5
2025-09-12T06:12:19.672951Z 2 0 1 6
2025-09-12T06:12:19.682600Z 3 1 0 6
2025-09-12T06:12:19.695142Z 3 1 0 7
2025-09-12T06:12:19.717070Z 3 0 1 8
2025-09-12T06:12:19.739134Z 3 0 1 10
2025-09-12T06:12:19.748889Z 3 1 0 10
2025-09-12T06:12:19.760910Z 3 1 0 11
2025-09-12T06:12:19.783755Z 3 1 0 11
2025-09-12T06:12:19.806613Z 3 1 0 13
2025-09-12T06:12:19.820537Z 35 8 1 13
2025-09-12T06:12:19.834728Z 35 8 1 40
2025-09-12T06:12:19.851830Z 52 13 0 40
2025-09-12T06:12:19.865148Z 52 11 1 40
2025-09-12T06:12:19.882067Z 52 12 1 40
2025-09-12T06:12:19.895863Z 52 2 11 40
2025-09-12T06:12:19.912370Z 54 5 8 40
2025-09-12T06:12:19.925693Z 54 5 8 40
2025-09-12T06:12:19.942295Z 54 6 7 40
2025-09-12T06:12:19.955683Z 54 6 7 40
2025-09-12T06:12:19.987115Z 54 0 11 40
2025-09-12T06:12:20.017856Z 54 0 11 40
2025-09-12T06:12:20.048824Z 54 0 11 40
2025-09-12T06:12:20.080136Z 54 0 11 40
2025-09-12T06:12:20.111189Z 54 0 11 40
2025-09-12T06:12:20.142482Z 54 0 11 40
2025-09-12T06:12:20.173232Z 54 0 11 40
2025-09-12T06:12:20.189878Z 55 2 10 40
2025-09-12T06:12:20.204325Z 55 2 10 40
2025-09-12T06:12:20.235463Z 55 2 10 40
2025-09-12T06:12:20.265244Z 55 0 11 40
2025-09-12T06:12:20.295407Z 55 0 11 40
2025-09-12T06:12:20.325461Z 55 0 11 40
2025-09-12T06:12:20.356123Z 55 0 11 40
2025-09-12T06:12:20.387432Z 55 0 11 40
2025-09-12T06:12:20.417925Z 55 0 11 40
2025-09-12T06:12:20.449347Z 55 0 11 40
2025-09-12T06:12:20.480322Z 55 0 11 40
2025-09-12T06:12:20.510741Z 55 0 11 40
2025-09-12T06:12:20.541577Z 55 0 11 40
2025-09-12T06:12:20.571845Z 55 0 11 40
2025-09-12T06:12:20.602703Z 55 0 11 40
2025-09-12T06:12:20.619169Z 55 1 12 40
2025-09-12T06:12:20.633680Z 55 1 12 40
2025-09-12T06:12:20.665420Z 55 1 12 40
2025-09-12T06:12:20.695484Z 55 1 12 40
2025-09-12T06:12:20.726433Z 55 1 12 40
2025-09-12T06:12:20.756803Z 55 1 12 40
2025-09-12T06:12:20.787666Z 55 1 12 40
2025-09-12T06:12:20.819550Z 55 1 12 40
2025-09-12T06:12:20.850839Z 55 1 12 40
2025-09-12T06:12:20.882086Z 55 1 12 40
2025-09-12T06:12:20.913017Z 55 1 12 40
2025-09-12T06:12:20.947043Z 55 1 12 40
2025-09-12T06:12:20.977510Z 55 1 12 40
2025-09-12T06:12:21.007703Z 55 1 12 40
2025-09-12T06:12:21.038587Z 55 1 12 40
2025-09-12T06:12:21.069120Z 55 1 12 40
2025-09-12T06:12:21.100498Z 55 1 12 40
2025-09-12T06:12:21.117114Z 55 2 11 40
2025-09-12T06:12:21.131546Z 55 2 11 40
2025-09-12T06:12:21.162292Z 55 2 11 40
2025-09-12T06:12:21.193298Z 55 2 11 40
2025-09-12T06:12:21.223891Z 55 0 12 40
2025-09-12T06:12:21.254717Z 55 0 12 40
2025-09-12T06:12:21.286351Z 55 0 12 40
2025-09-12T06:12:21.317771Z 55 0 12 40
2025-09-12T06:12:21.348869Z 55 0 12 40
2025-09-12T06:12:21.379972Z 55 0 12 40
2025-09-12T06:12:21.410789Z 55 0 12 40
2025-09-12T06:12:21.441848Z 55 0 12 40
2025-09-12T06:12:21.473654Z 55 0 12 40
2025-09-12T06:12:21.504139Z 55 0 12 40
2025-09-12T06:12:21.535111Z 55 0 12 40
2025-09-12T06:12:21.565449Z 55 0 12 40
2025-09-12T06:12:21.582046Z 55 0 13 40
2025-09-12T06:12:21.596338Z 55 0 13 40
2025-09-12T06:12:21.627350Z 55 0 13 40
2025-09-12T06:12:21.657566Z 55 0 13 40
2025-09-12T06:12:21.674122Z 55 1 12 40
2025-09-12T06:12:21.688441Z 55 1 12 40
2025-09-12T06:12:21.719154Z 55 1 12 40
2025-09-12T06:12:21.751728Z 55 1 12 40
2025-09-12T06:12:21.768765Z 55 2 11 40
2025-09-12T06:12:21.783313Z 55 2 11 40
2025-09-12T06:12:21.813417Z 55 2 11 40
2025-09-12T06:12:21.843919Z 55 2 11 40
2025-09-12T06:12:21.874643Z 55 2 11 40
2025-09-12T06:12:21.905983Z 55 2 11 40
2025-09-12T06:12:21.936895Z 55 2 11 40
2025-09-12T06:12:21.967935Z 55 2 11 40
2025-09-12T06:12:21.998734Z 55 2 11 40
2025-09-12T06:12:22.029833Z 55 2 11 40
2025-09-12T06:12:22.061017Z 55 2 11 40
2025-09-12T06:12:22.092252Z 55 2 11 40
2025-09-12T06:12:22.123429Z 55 2 11 40
2025-09-12T06:12:22.154482Z 55 2 11 40
2025-09-12T06:12:22.185477Z 55 2 11 40
2025-09-12T06:12:22.215745Z 55 2 11 40
2025-09-12T06:12:22.246680Z 55 2 11 40
2025-09-12T06:12:22.277426Z 55 2 11 40
2025-09-12T06:12:22.308274Z 55 2 11 40
2025-09-12T06:12:22.339558Z 55 2 11 40
2025-09-12T06:12:22.369829Z 55 2 11 40
2025-09-12T06:12:22.400884Z 55 2 11 40
2025-09-12T06:12:22.431995Z 55 2 11 40
2025-09-12T06:12:22.462157Z 55 2 11 40
2025-09-12T06:12:22.493281Z 55 2 11 40
2025-09-12T06:12:22.523574Z 55 2 11 40
2025-09-12T06:12:22.554835Z 55 2 11 40
2025-09-12T06:12:22.585415Z 55 2 11 40
2025-09-12T06:12:22.615063Z 55 2 11 40
2025-09-12T06:12:22.645298Z 55 2 11 40
2025-09-12T06:12:22.674953Z 55 2 11 40
2025-09-12T06:12:22.704357Z 55 2 11 40
2025-09-12T06:12:22.734712Z 55 2 11 40
2025-09-12T06:12:22.764820Z 55 2 11 40
2025-09-12T06:12:22.795175Z 55 2 11 40
2025-09-12T06:12:22.825018Z 55 2 11 40
2025-09-12T06:12:22.855765Z 55 2 11 40
2025-09-12T06:12:22.885661Z 55 2 11 40
2025-09-12T06:12:22.916034Z 55 2 11 40
2025-09-12T06:12:22.947089Z 55 2 11 40
2025-09-12T06:12:22.977699Z 55 2 11 40
2025-09-12T06:12:23.008478Z 55 2 11 40
2025-09-12T06:12:23.039828Z 55 2 11 40
2025-09-12T06:12:23.069748Z 55 2 11 40
2025-09-12T06:12:23.101048Z 55 2 11 40
2025-09-12T06:12:23.131730Z 55 2 11 40
2025-09-12T06:12:23.148520Z 55 3 10 40
2025-09-12T06:12:23.163225Z 55 3 10 40
2025-09-12T06:12:23.179812Z 55 4 9 40
2025-09-12T06:12:23.194277Z 55 4 9 40
2025-09-12T06:12:23.225216Z 55 4 9 40
2025-09-12T06:12:23.255600Z 55 4 9 40
2025-09-12T06:12:23.286204Z 55 0 8 40
2025-09-12T06:12:23.302523Z 55 1 11 40
2025-09-12T06:12:23.316599Z 55 1 11 40
2025-09-12T06:12:23.347659Z 55 1 11 40
2025-09-12T06:12:23.378063Z 55 1 11 40
2025-09-12T06:12:23.409602Z 55 1 11 40
2025-09-12T06:12:23.440905Z 55 1 11 40
2025-09-12T06:12:23.472049Z 55 1 11 40
2025-09-12T06:12:23.503108Z 55 1 11 40
2025-09-12T06:12:23.534160Z 55 1 11 40
2025-09-12T06:12:23.564939Z 55 1 11 40
2025-09-12T06:12:23.595821Z 55 1 11 40
2025-09-12T06:12:23.627045Z 55 1 11 40
2025-09-12T06:12:23.658166Z 55 1 11 40
2025-09-12T06:12:23.689181Z 55 1 11 40
2025-09-12T06:12:23.720414Z 55 1 11 40
2025-09-12T06:12:23.751432Z 55 1 11 40
2025-09-12T06:12:23.782456Z 55 1 11 40
2025-09-12T06:12:23.813058Z 55 1 11 40
2025-09-12T06:12:23.848352Z 55 1 11 40
2025-09-12T06:12:23.878406Z 55 1 11 40
2025-09-12T06:12:23.908974Z 55 1 11 40
2025-09-12T06:12:23.939195Z 55 1 11 40
2025-09-12T06:12:23.970888Z 55 1 11 40
2025-09-12T06:12:24.001443Z 55 1 11 40
2025-09-12T06:12:24.032387Z 55 1 11 40
2025-09-12T06:12:24.063103Z 55 1 11 40
2025-09-12T06:12:24.093873Z 55 1 11 40
2025-09-12T06:12:24.124824Z 55 1 11 40
2025-09-12T06:12:24.155818Z 55 1 11 40
2025-09-12T06:12:24.186984Z 55 1 11 40
2025-09-12T06:12:24.217527Z 55 1 11 40
2025-09-12T06:12:24.248382Z 55 1 11 40
2025-09-12T06:12:24.279642Z 55 1 11 40
2025-09-12T06:12:24.310698Z 55 1 11 40
2025-09-12T06:12:24.341318Z 55 1 11 40
2025-09-12T06:12:24.371213Z 55 1 11 40
2025-09-12T06:12:24.402842Z 55 1 11 40
2025-09-12T06:12:24.433409Z 55 1 11 40
2025-09-12T06:12:24.464672Z 55 1 11 40
2025-09-12T06:12:24.495842Z 55 1 11 40
2025-09-12T06:12:24.527687Z 55 1 11 40
2025-09-12T06:12:24.558834Z 55 1 11 40
2025-09-12T06:12:24.589234Z 55 1 11 40
2025-09-12T06:12:24.619030Z 55 1 11 40
2025-09-12T06:12:24.649068Z 55 1 11 40
2025-09-12T06:12:24.679844Z 55 1 11 40
2025-09-12T06:12:24.710915Z 55 1 11 40
2025-09-12T06:12:24.742009Z 55 1 11 40
2025-09-12T06:12:24.773381Z 55 1 11 40
2025-09-12T06:12:24.804626Z 55 1 11 40
2025-09-12T06:12:24.835526Z 55 1 11 40
2025-09-12T06:12:24.865607Z 55 1 11 40
2025-09-12T06:12:24.896862Z 55 1 11 40
2025-09-12T06:12:24.927781Z 55 1 11 40
2025-09-12T06:12:24.958637Z 55 1 11 40
2025-09-12T06:12:24.989340Z 55 1 11 40
2025-09-12T06:12:25.020654Z 55 1 11 40
2025-09-12T06:12:25.051460Z 55 1 11 40
2025-09-12T06:12:25.082221Z 55 1 11 40
2025-09-12T06:12:25.113023Z 55 1 11 40
2025-09-12T06:12:25.143042Z 55 1 11 40
2025-09-12T06:12:25.173855Z 55 1 11 40
2025-09-12T06:12:25.204541Z 55 1 11 40
2025-09-12T06:12:25.234475Z 55 1 11 40
2025-09-12T06:12:25.264731Z 55 1 11 40
2025-09-12T06:12:25.294908Z 55 1 11 40
2025-09-12T06:12:25.324982Z 55 1 11 40
2025-09-12T06:12:25.354948Z 55 1 11 40
2025-09-12T06:12:25.384994Z 55 1 11 40
2025-09-12T06:12:25.415016Z 55 1 11 40
2025-09-12T06:12:25.444906Z 55 1 11 40
2025-09-12T06:12:25.475037Z 55 1 11 40
2025-09-12T06:12:25.504732Z 55 1 11 40
2025-09-12T06:12:25.535280Z 55 1 11 40
2025-09-12T06:12:25.565441Z 55 1 11 40
2025-09-12T06:12:25.599279Z 55 1 11 40
2025-09-12T06:12:25.629464Z 55 1 11 40
2025-09-12T06:12:25.659325Z 55 1 11 40
2025-09-12T06:12:25.689182Z 55 1 11 40
2025-09-12T06:12:25.719315Z 55 1 11 40
2025-09-12T06:12:25.749705Z 55 1 11 40
2025-09-12T06:12:25.779798Z 55 1 11 40
2025-09-12T06:12:25.809882Z 55 1 11 40
2025-09-12T06:12:25.839665Z 55 1 11 40
2025-09-12T06:12:25.869861Z 55 1 11 40
2025-09-12T06:12:25.899946Z 55 1 11 40
2025-09-12T06:12:25.929894Z 55 1 11 40
2025-09-12T06:12:25.960798Z 55 1 11 40
2025-09-12T06:12:25.990963Z 55 1 11 40
2025-09-12T06:12:26.020580Z 55 1 11 40
2025-09-12T06:12:26.051160Z 55 1 11 40
2025-09-12T06:12:26.081442Z 55 1 11 40
2025-09-12T06:12:26.111597Z 55 1 11 40
2025-09-12T06:12:26.142341Z 55 1 11 40
2025-09-12T06:12:26.172852Z 55 1 11 40
2025-09-12T06:12:26.204073Z 55 1 11 40
2025-09-12T06:12:26.235114Z 55 1 11 40
2025-09-12T06:12:26.266230Z 55 1 11 40
2025-09-12T06:12:26.296778Z 55 1 11 40
2025-09-12T06:12:26.328551Z 55 1 11 40
2025-09-12T06:12:26.358955Z 55 1 11 40
2025-09-12T06:12:26.388697Z 55 1 11 40
2025-09-12T06:12:26.419029Z 55 1 11 40
2025-09-12T06:12:26.449528Z 55 1 11 40
2025-09-12T06:12:26.480680Z 55 1 11 40
2025-09-12T06:12:26.511336Z 55 1 11 40
2025-09-12T06:12:26.542554Z 55 1 11 40
2025-09-12T06:12:26.573133Z 55 1 11 40
2025-09-12T06:12:26.603284Z 55 1 11 40
2025-09-12T06:12:26.634664Z 55 1 11 40
2025-09-12T06:12:26.665208Z 55 1 11 40
2025-09-12T06:12:26.695452Z 55 1 11 40
2025-09-12T06:12:26.726108Z 55 1 11 40
2025-09-12T06:12:26.756970Z 55 1 11 40
2025-09-12T06:12:26.788135Z 55 1 11 40
2025-09-12T06:12:26.819037Z 55 1 11 40
2025-09-12T06:12:26.849498Z 55 1 11 40
2025-09-12T06:12:26.879748Z 55 1 11 40
2025-09-12T06:12:26.910621Z 55 1 11 40
2025-09-12T06:12:26.940167Z 55 1 11 40
2025-09-12T06:12:26.969760Z 55 1 11 40
2025-09-12T06:12:27.000124Z 55 1 11 40
2025-09-12T06:12:27.031017Z 55 1 11 40
2025-09-12T06:12:27.061123Z 55 1 11 40
2025-09-12T06:12:27.091883Z 55 1 11 40
2025-09-12T06:12:27.122426Z 55 1 11 40
2025-09-12T06:12:27.153237Z 55 1 11 40
2025-09-12T06:12:27.184103Z 55 1 11 40
2025-09-12T06:12:27.214310Z 55 1 11 40
2025-09-12T06:12:27.244678Z 55 1 11 40
2025-09-12T06:12:27.274728Z 55 1 11 40
2025-09-12T06:12:27.305426Z 55 1 11 40
2025-09-12T06:12:27.336489Z 55 1 11 40
2025-09-12T06:12:27.366857Z 55 1 11 40
2025-09-12T06:12:27.396441Z 55 1 11 40
2025-09-12T06:12:27.426949Z 55 1 11 40
2025-09-12T06:12:27.457808Z 55 1 11 40
2025-09-12T06:12:27.487601Z 55 1 11 40
2025-09-12T06:12:27.518066Z 55 1 11 40
2025-09-12T06:12:27.549083Z 55 1 11 40
2025-09-12T06:12:27.579080Z 55 1 11 40
2025-09-12T06:12:27.609351Z 55 1 11 40
2025-09-12T06:12:27.640157Z 55 1 11 39
2025-09-12T06:12:27.671080Z 55 1 11 40
2025-09-12T06:12:27.701284Z 55 1 11 40
2025-09-12T06:12:27.731137Z 55 1 11 40
2025-09-12T06:12:27.761060Z 55 1 11 40
2025-09-12T06:12:27.791067Z 55 1 11 40
2025-09-12T06:12:27.820739Z 55 1 11 40
2025-09-12T06:12:27.837021Z 55 2 10 40
2025-09-12T06:12:27.850619Z 55 2 10 40
2025-09-12T06:12:27.880779Z 55 2 10 40
2025-09-12T06:12:27.910857Z 55 2 10 40
2025-09-12T06:12:27.940697Z 55 2 10 40
2025-09-12T06:12:27.970618Z 55 2 10 40
2025-09-12T06:12:28.000322Z 55 2 10 40
2025-09-12T06:12:28.030690Z 55 2 10 40
2025-09-12T06:12:28.061838Z 55 2 10 40
2025-09-12T06:12:28.091868Z 55 2 10 40
2025-09-12T06:12:28.122258Z 55 2 10 40
2025-09-12T06:12:28.152298Z 55 2 10 40
2025-09-12T06:12:28.182293Z 55 2 10 40
2025-09-12T06:12:28.212419Z 55 2 10 40
2025-09-12T06:12:28.243215Z 55 2 10 40
2025-09-12T06:12:28.273675Z 55 2 10 40
2025-09-12T06:12:28.304626Z 55 2 10 40
2025-09-12T06:12:28.334809Z 55 2 10 40
2025-09-12T06:12:28.365327Z 55 2 10 40
2025-09-12T06:12:28.395635Z 55 2 10 40
2025-09-12T06:12:28.425336Z 55 2 10 40
2025-09-12T06:12:28.455919Z 55 2 10 40
2025-09-12T06:12:28.486565Z 55 2 10 40
2025-09-12T06:12:28.516946Z 55 2 10 40
2025-09-12T06:12:28.547956Z 55 2 10 40
2025-09-12T06:12:28.578928Z 55 2 10 40
2025-09-12T06:12:28.609238Z 55 2 10 40
2025-09-12T06:12:28.639835Z 55 2 10 40
2025-09-12T06:12:28.669979Z 55 2 10 40
2025-09-12T06:12:28.700282Z 55 2 10 40
2025-09-12T06:12:28.730523Z 55 2 10 40
2025-09-12T06:12:28.760312Z 55 2 10 40
2025-09-12T06:12:28.790709Z 55 2 10 40
2025-09-12T06:12:28.821543Z 55 2 10 40
2025-09-12T06:12:28.851676Z 55 2 10 40
2025-09-12T06:12:28.881728Z 55 2 10 40
2025-09-12T06:12:28.912545Z 55 2 10 40
2025-09-12T06:12:28.942523Z 55 2 10 40
2025-09-12T06:12:28.972832Z 55 2 10 40
2025-09-12T06:12:29.003138Z 55 2 10 40
2025-09-12T06:12:29.033934Z 55 2 10 40
2025-09-12T06:12:29.063993Z 55 2 10 40
2025-09-12T06:12:29.094971Z 55 2 10 40
2025-09-12T06:12:29.126057Z 55 2 10 40
2025-09-12T06:12:29.157258Z 55 2 10 40
2025-09-12T06:12:29.187625Z 55 2 10 40
2025-09-12T06:12:29.218834Z 55 2 10 40
2025-09-12T06:12:29.249895Z 55 2 10 40
2025-09-12T06:12:29.280762Z 55 2 10 40
2025-09-12T06:12:29.311012Z 55 2 10 40
2025-09-12T06:12:29.341875Z 55 2 10 40
2025-09-12T06:12:29.373019Z 55 2 10 40
2025-09-12T06:12:29.406155Z 55 2 10 40
2025-09-12T06:12:29.437356Z 55 2 10 40
2025-09-12T06:12:29.468397Z 55 2 10 40
2025-09-12T06:12:29.499489Z 55 2 10 40
2025-09-12T06:12:29.530491Z 55 2 10 40
2025-09-12T06:12:29.561113Z 55 2 10 40
2025-09-12T06:12:29.591854Z 55 2 10 40
2025-09-12T06:12:29.623504Z 55 2 10 40
2025-09-12T06:12:29.654898Z 55 2 10 40
2025-09-12T06:12:29.685932Z 55 2 10 40
2025-09-12T06:12:29.717764Z 55 2 10 40
2025-09-12T06:12:29.748864Z 55 2 10 40
2025-09-12T06:12:29.779631Z 55 2 10 40
2025-09-12T06:12:29.810827Z 55 2 10 40
2025-09-12T06:12:29.842331Z 55 2 10 40
2025-09-12T06:12:29.872114Z 55 2 10 40
2025-09-12T06:12:29.902161Z 55 2 10 40
2025-09-12T06:12:29.933875Z 55 2 10 40
2025-09-12T06:12:29.964393Z 55 2 10 40
2025-09-12T06:12:29.994541Z 55 2 10 40
2025-09-12T06:12:30.026212Z 55 2 10 40
2025-09-12T06:12:30.057164Z 55 2 10 40
2025-09-12T06:12:30.088302Z 55 2 10 40
2025-09-12T06:12:30.119302Z 55 2 10 40
2025-09-12T06:12:30.150666Z 55 2 10 40
2025-09-12T06:12:30.181588Z 55 2 10 40
2025-09-12T06:12:30.212573Z 55 2 10 40
2025-09-12T06:12:30.243527Z 55 2 10 40
2025-09-12T06:12:30.274487Z 55 2 10 40
2025-09-12T06:12:30.305833Z 55 2 10 40
2025-09-12T06:12:30.336989Z 55 2 10 40
2025-09-12T06:12:30.367203Z 55 2 10 40
2025-09-12T06:12:30.398077Z 55 2 10 40
2025-09-12T06:12:30.429330Z 55 2 10 40
2025-09-12T06:12:30.460237Z 55 2 10 40
2025-09-12T06:12:30.491171Z 55 2 10 40
2025-09-12T06:12:30.522216Z 55 2 10 40
2025-09-12T06:12:30.553310Z 55 2 10 40
2025-09-12T06:12:30.585217Z 55 2 10 40
2025-09-12T06:12:30.616308Z 55 2 10 40
2025-09-12T06:12:30.647658Z 55 2 10 40
2025-09-12T06:12:30.678497Z 55 2 10 40
2025-09-12T06:12:30.708813Z 55 2 10 40
2025-09-12T06:12:30.739797Z 55 2 10 40
2025-09-12T06:12:30.770580Z 55 2 10 40
2025-09-12T06:12:30.801647Z 55 2 10 40
2025-09-12T06:12:30.832247Z 55 2 10 40
2025-09-12T06:12:30.862847Z 55 2 10 40
2025-09-12T06:12:30.893650Z 55 2 10 40
2025-09-12T06:12:30.925270Z 55 2 10 40
2025-09-12T06:12:30.956803Z 55 2 10 40
2025-09-12T06:12:30.987107Z 55 2 10 40
2025-09-12T06:12:31.018180Z 55 2 10 40
2025-09-12T06:12:31.050395Z 55 2 10 40
2025-09-12T06:12:31.081274Z 55 2 10 40
2025-09-12T06:12:31.112134Z 55 2 10 40
2025-09-12T06:12:31.143307Z 55 2 10 40
2025-09-12T06:12:31.173535Z 55 2 10 40
2025-09-12T06:12:31.203883Z 55 2 10 40
2025-09-12T06:12:31.235468Z 55 2 10 40
2025-09-12T06:12:31.266606Z 55 2 10 40
2025-09-12T06:12:31.297498Z 55 2 10 40
2025-09-12T06:12:31.328712Z 55 2 10 40
2025-09-12T06:12:31.359707Z 55 2 10 40
2025-09-12T06:12:31.390800Z 55 2 10 40
2025-09-12T06:12:31.421873Z 55 2 10 40
2025-09-12T06:12:31.453148Z 55 2 10 40
2025-09-12T06:12:31.484075Z 55 2 10 40
2025-09-12T06:12:31.515069Z 55 2 10 40
2025-09-12T06:12:31.546034Z 55 2 10 40
2025-09-12T06:12:31.577257Z 55 2 10 40
2025-09-12T06:12:31.608224Z 55 2 10 40
2025-09-12T06:12:31.639176Z 55 2 10 40
2025-09-12T06:12:31.670377Z 55 2 10 40
2025-09-12T06:12:31.701583Z 55 2 10 40
2025-09-12T06:12:31.732696Z 55 2 10 40
2025-09-12T06:12:31.763650Z 55 2 10 40
2025-09-12T06:12:31.794694Z 55 2 10 40
2025-09-12T06:12:31.825629Z 55 2 10 40
2025-09-12T06:12:31.856237Z 55 2 10 40
2025-09-12T06:12:31.886931Z 55 2 10 40
2025-09-12T06:12:31.917075Z 55 2 10 40
2025-09-12T06:12:31.948127Z 55 2 10 40
2025-09-12T06:12:31.979839Z 55 2 10 40
2025-09-12T06:12:32.010995Z 55 2 10 40
2025-09-12T06:12:32.042132Z 55 2 10 40
2025-09-12T06:12:32.073266Z 55 2 10 40
2025-09-12T06:12:32.104170Z 55 2 10 40
2025-09-12T06:12:32.135099Z 55 2 10 40
2025-09-12T06:12:32.165405Z 55 2 10 40
2025-09-12T06:12:32.197007Z 55 2 10 40
2025-09-12T06:12:32.227621Z 55 2 10 40
2025-09-12T06:12:32.258560Z 55 2 10 40
2025-09-12T06:12:32.289640Z 55 2 10 40
2025-09-12T06:12:32.320557Z 55 2 10 40
2025-09-12T06:12:32.351941Z 55 2 10 40
2025-09-12T06:12:32.382874Z 55 2 10 40
2025-09-12T06:12:32.413920Z 55 2 10 40
2025-09-12T06:12:32.445124Z 55 2 10 40
2025-09-12T06:12:32.475866Z 55 2 10 40
2025-09-12T06:12:32.506718Z 55 2 10 40
2025-09-12T06:12:32.539445Z 55 2 10 40
2025-09-12T06:12:32.571408Z 55 2 10 40
2025-09-12T06:12:32.602416Z 55 2 10 40
2025-09-12T06:12:32.634376Z 55 2 10 40
2025-09-12T06:12:32.665661Z 55 2 10 40
2025-09-12T06:12:32.696526Z 55 2 10 40
2025-09-12T06:12:32.726881Z 55 2 10 40
2025-09-12T06:12:32.757104Z 55 2 10 40
2025-09-12T06:12:32.787669Z 55 2 10 40
2025-09-12T06:12:32.817975Z 55 2 10 40
2025-09-12T06:12:32.848783Z 55 2 10 40
2025-09-12T06:12:32.880007Z 55 2 10 40
2025-09-12T06:12:32.910781Z 55 2 10 40
2025-09-12T06:12:32.941974Z 55 2 10 40
2025-09-12T06:12:32.972946Z 55 2 10 40
2025-09-12T06:12:33.004384Z 55 2 10 40
2025-09-12T06:12:33.038174Z 55 2 10 40
2025-09-12T06:12:33.069284Z 55 2 10 40
2025-09-12T06:12:33.100475Z 55 2 10 40
2025-09-12T06:12:33.131498Z 55 2 10 40
2025-09-12T06:12:33.162429Z 55 2 10 40
2025-09-12T06:12:33.193578Z 55 2 10 40
2025-09-12T06:12:33.224438Z 55 2 10 40
2025-09-12T06:12:33.255625Z 55 2 10 40
2025-09-12T06:12:33.286859Z 55 2 10 40
2025-09-12T06:12:33.318660Z 55 2 10 40
2025-09-12T06:12:33.349172Z 55 2 10 40
2025-09-12T06:12:33.380634Z 55 2 10 40
2025-09-12T06:12:33.411795Z 55 2 10 40
2025-09-12T06:12:33.442836Z 55 2 10 40
2025-09-12T06:12:33.473926Z 55 2 10 40
2025-09-12T06:12:33.505048Z 55 2 10 40
2025-09-12T06:12:33.536156Z 55 2 10 40
2025-09-12T06:12:33.567757Z 55 2 10 40
2025-09-12T06:12:33.598065Z 55 2 10 40
2025-09-12T06:12:33.629096Z 55 2 10 40
2025-09-12T06:12:33.660104Z 55 2 10 40
2025-09-12T06:12:33.691359Z 55 2 10 40
2025-09-12T06:12:33.723323Z 55 2 10 40
2025-09-12T06:12:33.755261Z 55 2 10 40
2025-09-12T06:12:33.786489Z 55 2 10 40
2025-09-12T06:12:33.817625Z 55 2 10 40
2025-09-12T06:12:33.848619Z 55 2 10 40
2025-09-12T06:12:33.879492Z 55 2 10 40
2025-09-12T06:12:33.909778Z 55 2 10 40
2025-09-12T06:12:33.940687Z 55 2 10 40
2025-09-12T06:12:33.971839Z 55 2 10 40
2025-09-12T06:12:34.003282Z 55 2 10 40
2025-09-12T06:12:34.034092Z 55 2 10 40
2025-09-12T06:12:34.065205Z 55 2 10 40
2025-09-12T06:12:34.096856Z 55 2 10 40
2025-09-12T06:12:34.128198Z 55 2 10 40
2025-09-12T06:12:34.159274Z 55 2 10 40
2025-09-12T06:12:34.190271Z 55 2 10 40
2025-09-12T06:12:34.222203Z 55 2 10 40
2025-09-12T06:12:34.253280Z 55 2 10 40
2025-09-12T06:12:34.284582Z 55 2 10 40
2025-09-12T06:12:34.316370Z 55 2 10 40
2025-09-12T06:12:34.346704Z 55 2 10 40
2025-09-12T06:12:34.377492Z 55 2 10 40
2025-09-12T06:12:34.408447Z 55 2 10 40
2025-09-12T06:12:34.439773Z 55 2 10 40
2025-09-12T06:12:34.470648Z 55 2 10 40
2025-09-12T06:12:34.501779Z 55 2 10 40
2025-09-12T06:12:34.533013Z 55 2 10 40
2025-09-12T06:12:34.562919Z 55 2 10 40
2025-09-12T06:12:34.593879Z 55 2 10 40
2025-09-12T06:12:34.624162Z 55 2 10 40
2025-09-12T06:12:34.655250Z 55 2 10 40
2025-09-12T06:12:34.687041Z 55 2 10 40
2025-09-12T06:12:34.717449Z 55 2 10 40
2025-09-12T06:12:34.748410Z 55 2 10 40
2025-09-12T06:12:34.779303Z 55 2 10 40
2025-09-12T06:12:34.810321Z 55 2 10 40
2025-09-12T06:12:34.826941Z 55 3 9 40
2025-09-12T06:12:34.841369Z 55 3 9 40
2025-09-12T06:12:34.872497Z 55 3 9 40
2025-09-12T06:12:34.903725Z 55 3 9 40
2025-09-12T06:12:34.934816Z 55 3 9 40
2025-09-12T06:12:34.965614Z 55 3 9 40
2025-09-12T06:12:34.996646Z 55 3 9 40
2025-09-12T06:12:35.027836Z 55 3 9 40
2025-09-12T06:12:35.059063Z 55 3 9 40
2025-09-12T06:12:35.090281Z 55 3 9 40
2025-09-12T06:12:35.121488Z 55 3 9 40
2025-09-12T06:12:35.152463Z 55 3 9 40
2025-09-12T06:12:35.183300Z 55 3 9 40
2025-09-12T06:12:35.217250Z 55 3 9 40
2025-09-12T06:12:35.251586Z 55 3 9 40
2025-09-12T06:12:35.282044Z 55 3 9 40
2025-09-12T06:12:35.311921Z 55 3 9 40
2025-09-12T06:12:35.342104Z 55 3 9 40
2025-09-12T06:12:35.373068Z 55 3 9 40
2025-09-12T06:12:35.403247Z 55 3 9 40
2025-09-12T06:12:35.433345Z 55 3 9 40
2025-09-12T06:12:35.463852Z 55 3 9 40
2025-09-12T06:12:35.494146Z 55 3 9 40
2025-09-12T06:12:35.524069Z 55 3 9 40
2025-09-12T06:12:35.554441Z 55 3 9 40
2025-09-12T06:12:35.585398Z 55 3 9 40
2025-09-12T06:12:35.615853Z 55 3 9 40
2025-09-12T06:12:35.646466Z 55 3 9 40
2025-09-12T06:12:35.677163Z 55 3 9 40
2025-09-12T06:12:35.707659Z 55 3 9 40
2025-09-12T06:12:35.737635Z 55 3 9 40
2025-09-12T06:12:35.767897Z 55 3 9 40
2025-09-12T06:12:35.799367Z 55 3 9 40
2025-09-12T06:12:35.829407Z 55 3 9 40
2025-09-12T06:12:35.860461Z 55 3 9 40
2025-09-12T06:12:35.891507Z 55 3 9 40
2025-09-12T06:12:35.922582Z 55 3 9 40
2025-09-12T06:12:35.953909Z 55 3 9 40
2025-09-12T06:12:35.984624Z 55 3 9 40
2025-09-12T06:12:36.015567Z 55 3 9 40
2025-09-12T06:12:36.045914Z 55 3 9 40
2025-09-12T06:12:36.076933Z 55 3 9 40
2025-09-12T06:12:36.107786Z 55 3 9 40
2025-09-12T06:12:36.138747Z 55 3 9 40
2025-09-12T06:12:36.169911Z 55 3 9 40
2025-09-12T06:12:36.200742Z 55 3 9 40
2025-09-12T06:12:36.231674Z 55 3 9 40
2025-09-12T06:12:36.262713Z 55 3 9 40
2025-09-12T06:12:36.294124Z 55 3 9 40
2025-09-12T06:12:36.324481Z 55 3 9 40
2025-09-12T06:12:36.355027Z 55 3 9 40
2025-09-12T06:12:36.385613Z 55 3 9 40
2025-09-12T06:12:36.415814Z 55 3 9 40
2025-09-12T06:12:36.448561Z 55 3 9 40
2025-09-12T06:12:36.480606Z 55 3 9 40
2025-09-12T06:12:36.511678Z 55 3 9 40
2025-09-12T06:12:36.544745Z 55 3 9 40
2025-09-12T06:12:36.575176Z 55 3 9 40
2025-09-12T06:12:36.605126Z 55 3 9 40
2025-09-12T06:12:36.635922Z 55 3 9 40
2025-09-12T06:12:36.666736Z 55 3 9 40
2025-09-12T06:12:36.697829Z 55 3 9 40
2025-09-12T06:12:36.729140Z 55 3 9 40
2025-09-12T06:12:36.760276Z 55 3 9 40
2025-09-12T06:12:36.790777Z 55 3 9 40
2025-09-12T06:12:36.821623Z 55 3 9 40
2025-09-12T06:12:36.852454Z 55 3 9 40
2025-09-12T06:12:36.883066Z 55 3 9 40
2025-09-12T06:12:36.913596Z 55 3 9 40
2025-09-12T06:12:36.944151Z 55 3 9 40
2025-09-12T06:12:36.975070Z 55 3 9 40
2025-09-12T06:12:37.006339Z 55 3 9 40
2025-09-12T06:12:37.036182Z 55 3 9 40
2025-09-12T06:12:37.066060Z 55 3 9 40
2025-09-12T06:12:37.096947Z 55 3 9 40
2025-09-12T06:12:37.127367Z 55 3 9 40
2025-09-12T06:12:37.158287Z 55 3 9 40
2025-09-12T06:12:37.189213Z 55 3 9 40
2025-09-12T06:12:37.219319Z 55 3 9 40
2025-09-12T06:12:37.250118Z 55 3 9 40
2025-09-12T06:12:37.281182Z 55 3 9 40
2025-09-12T06:12:37.312132Z 55 3 9 40
2025-09-12T06:12:37.341859Z 55 3 9 40
2025-09-12T06:12:37.372020Z 55 3 9 40
2025-09-12T06:12:37.401973Z 55 3 9 40
2025-09-12T06:12:37.433366Z 55 3 9 40
2025-09-12T06:12:37.464804Z 55 3 9 40
2025-09-12T06:12:37.494458Z 55 3 9 40
2025-09-12T06:12:37.524842Z 55 3 9 40
2025-09-12T06:12:37.554997Z 55 3 9 40
2025-09-12T06:12:37.584994Z 55 3 9 40
2025-09-12T06:12:37.615445Z 55 3 9 40
2025-09-12T06:12:37.646243Z 55 3 9 40
2025-09-12T06:12:37.676385Z 55 3 9 40
2025-09-12T06:12:37.706527Z 55 3 9 40
2025-09-12T06:12:37.736607Z 55 3 9 40
2025-09-12T06:12:37.766686Z 55 3 9 40
2025-09-12T06:12:37.797473Z 55 3 9 40
2025-09-12T06:12:37.827848Z 55 3 9 40
2025-09-12T06:12:37.858046Z 55 3 9 40
2025-09-12T06:12:37.888140Z 55 3 9 40
2025-09-12T06:12:37.920853Z 55 3 9 40
2025-09-12T06:12:37.951450Z 55 3 9 40
2025-09-12T06:12:37.982672Z 55 3 9 40
2025-09-12T06:12:38.014069Z 55 3 9 40
2025-09-12T06:12:38.044287Z 55 3 9 40
2025-09-12T06:12:38.074887Z 55 3 9 40
2025-09-12T06:12:38.105375Z 55 3 9 40
2025-09-12T06:12:38.135886Z 55 3 9 40
2025-09-12T06:12:38.166958Z 55 3 9 40
2025-09-12T06:12:38.197984Z 55 3 9 40
2025-09-12T06:12:38.229164Z 55 3 9 40
2025-09-12T06:12:38.260298Z 55 3 9 40
2025-09-12T06:12:38.291027Z 55 3 9 40
2025-09-12T06:12:38.321981Z 55 3 9 40
2025-09-12T06:12:38.353235Z 55 3 9 40
2025-09-12T06:12:38.384249Z 55 3 9 40
2025-09-12T06:12:38.415209Z 55 3 9 40
2025-09-12T06:12:38.445637Z 55 3 9 40
2025-09-12T06:12:38.476305Z 55 3 9 40
2025-09-12T06:12:38.507483Z 55 3 9 40
2025-09-12T06:12:38.537737Z 55 3 9 40
2025-09-12T06:12:38.569422Z 55 3 9 40
2025-09-12T06:12:38.600683Z 55 3 9 40
2025-09-12T06:12:38.631734Z 55 3 9 40
2025-09-12T06:12:38.662985Z 55 3 9 40
2025-09-12T06:12:38.693399Z 55 3 9 40
2025-09-12T06:12:38.725131Z 55 3 9 40
2025-09-12T06:12:38.755705Z 55 3 9 40
2025-09-12T06:12:38.787297Z 55 3 9 40
2025-09-12T06:12:38.818268Z 55 3 9 40
2025-09-12T06:12:38.848811Z 55 3 9 40
2025-09-12T06:12:38.880144Z 55 3 9 40
2025-09-12T06:12:38.910345Z 55 3 9 40
2025-09-12T06:12:38.940973Z 55 3 9 40
2025-09-12T06:12:38.972536Z 55 3 9 40
2025-09-12T06:12:39.003869Z 55 3 9 40
2025-09-12T06:12:39.034566Z 55 3 9 40
2025-09-12T06:12:39.065749Z 55 3 9 40
2025-09-12T06:12:39.096632Z 55 3 9 40
2025-09-12T06:12:39.127830Z 55 3 9 40
2025-09-12T06:12:39.158675Z 55 3 9 40
2025-09-12T06:12:39.188721Z 55 3 9 40
2025-09-12T06:12:39.219744Z 55 3 9 40
2025-09-12T06:12:39.251065Z 55 3 9 40
2025-09-12T06:12:39.281946Z 55 3 9 40
2025-09-12T06:12:39.313050Z 55 3 9 40
2025-09-12T06:12:39.344135Z 55 3 9 40
2025-09-12T06:12:39.375781Z 55 3 9 40
2025-09-12T06:12:39.407025Z 55 3 9 40
2025-09-12T06:12:39.438384Z 55 3 9 40
2025-09-12T06:12:39.469248Z 55 3 9 40
2025-09-12T06:12:39.498904Z 55 3 9 40
2025-09-12T06:12:39.528709Z 55 3 9 40
2025-09-12T06:12:39.559146Z 55 3 9 40
2025-09-12T06:12:39.590418Z 55 3 9 40
2025-09-12T06:12:39.621650Z 55 3 9 40
2025-09-12T06:12:39.652701Z 55 3 9 40
2025-09-12T06:12:39.683433Z 55 3 9 40
2025-09-12T06:12:39.714270Z 55 3 9 40
2025-09-12T06:12:39.746120Z 55 3 9 40
2025-09-12T06:12:39.776989Z 55 3 9 40
2025-09-12T06:12:39.808089Z 55 3 9 40
2025-09-12T06:12:39.838095Z 55 3 9 40
2025-09-12T06:12:39.868214Z 55 3 9 40
2025-09-12T06:12:39.899604Z 55 3 9 40
2025-09-12T06:12:39.930400Z 55 3 9 40
2025-09-12T06:12:39.961136Z 55 3 9 40
2025-09-12T06:12:39.992380Z 55 3 9 40
2025-09-12T06:12:40.022819Z 55 3 9 40
2025-09-12T06:12:40.053532Z 55 3 9 40
2025-09-12T06:12:40.084482Z 55 3 9 40
2025-09-12T06:12:40.114574Z 55 3 9 40
2025-09-12T06:12:40.144852Z 55 3 9 40
2025-09-12T06:12:40.175906Z 55 3 9 40
2025-09-12T06:12:40.206865Z 55 3 9 40
2025-09-12T06:12:40.237912Z 55 3 9 40
2025-09-12T06:12:40.268990Z 55 3 9 40
2025-09-12T06:12:40.300113Z 55 3 9 40
2025-09-12T06:12:40.331111Z 55 3 9 40
2025-09-12T06:12:40.362466Z 55 3 9 40
2025-09-12T06:12:40.393192Z 55 3 9 40
2025-09-12T06:12:40.422983Z 55 3 9 40
2025-09-12T06:12:40.453511Z 55 3 9 40
2025-09-12T06:12:40.483545Z 55 3 9 40
2025-09-12T06:12:40.513885Z 55 3 9 40
2025-09-12T06:12:40.544475Z 55 3 9 40
2025-09-12T06:12:40.575139Z 55 3 9 40
2025-09-12T06:12:40.606027Z 55 3 9 40
2025-09-12T06:12:40.636424Z 55 3 9 40
2025-09-12T06:12:40.667062Z 55 3 9 40
2025-09-12T06:12:40.697444Z 55 3 9 40
2025-09-12T06:12:40.727507Z 55 3 9 40
2025-09-12T06:12:40.756922Z 55 3 9 40
2025-09-12T06:12:40.786726Z 55 3 9 40
2025-09-12T06:12:40.817661Z 55 3 9 40
2025-09-12T06:12:40.847678Z 55 3 9 40
2025-09-12T06:12:40.877785Z 55 3 9 40
2025-09-12T06:12:40.909056Z 55 3 9 40
2025-09-12T06:12:40.939442Z 55 3 9 40
2025-09-12T06:12:40.969934Z 55 3 9 40
2025-09-12T06:12:41.000057Z 55 3 9 40
2025-09-12T06:12:41.029772Z 55 3 9 40
2025-09-12T06:12:41.060047Z 55 3 9 40
2025-09-12T06:12:41.090875Z 55 3 9 40
2025-09-12T06:12:41.121109Z 55 3 9 40
2025-09-12T06:12:41.152351Z 55 3 9 40
2025-09-12T06:12:41.184113Z 55 3 9 40
2025-09-12T06:12:41.215888Z 55 3 9 40
2025-09-12T06:12:41.246749Z 55 3 9 40
2025-09-12T06:12:41.277877Z 55 3 9 40
2025-09-12T06:12:41.309075Z 55 3 9 40
2025-09-12T06:12:41.340086Z 55 3 9 40
2025-09-12T06:12:41.370521Z 55 3 9 40
2025-09-12T06:12:41.401484Z 55 3 9 40
2025-09-12T06:12:41.432310Z 55 3 9 40
2025-09-12T06:12:41.462985Z 55 3 9 40
2025-09-12T06:12:41.494137Z 55 3 9 40
2025-09-12T06:12:41.524631Z 55 3 9 40
2025-09-12T06:12:41.555576Z 55 3 9 40
2025-09-12T06:12:41.585938Z 55 3 9 40
2025-09-12T06:12:41.617476Z 55 3 9 40
2025-09-12T06:12:41.649059Z 55 3 9 40
2025-09-12T06:12:41.680106Z 55 3 9 40
2025-09-12T06:12:41.710355Z 55 3 9 40
2025-09-12T06:12:41.740682Z 55 3 9 40
2025-09-12T06:12:41.770441Z 55 3 9 40
2025-09-12T06:12:41.800563Z 55 3 9 40
2025-09-12T06:12:41.831874Z 55 3 9 40
2025-09-12T06:12:41.862854Z 55 3 9 40
2025-09-12T06:12:41.894016Z 55 3 9 40
2025-09-12T06:12:41.925409Z 55 3 9 40
2025-09-12T06:12:41.957187Z 55 3 9 40
2025-09-12T06:12:41.988000Z 55 3 9 40
2025-09-12T06:12:42.018767Z 55 3 9 40
2025-09-12T06:12:42.051640Z 55 3 9 40
2025-09-12T06:12:42.082552Z 55 3 9 40
2025-09-12T06:12:42.114832Z 55 3 9 40
2025-09-12T06:12:42.145310Z 55 3 9 40
2025-09-12T06:12:42.175547Z 55 3 9 40
2025-09-12T06:12:42.206141Z 55 3 9 40
2025-09-12T06:12:42.238836Z 55 3 9 40
2025-09-12T06:12:42.269383Z 55 3 9 40
2025-09-12T06:12:42.300072Z 55 3 9 40
2025-09-12T06:12:42.332462Z 55 3 9 40
2025-09-12T06:12:42.364407Z 55 3 9 40
2025-09-12T06:12:42.395405Z 55 3 9 40
2025-09-12T06:12:42.425762Z 55 3 9 40
2025-09-12T06:12:42.455468Z 55 3 9 40
2025-09-12T06:12:42.485868Z 55 3 9 40
2025-09-12T06:12:42.516538Z 55 3 9 40
2025-09-12T06:12:42.547780Z 55 3 9 40
2025-09-12T06:12:42.578866Z 55 3 9 40
2025-09-12T06:12:42.610021Z 55 3 9 40
2025-09-12T06:12:42.642407Z 55 3 9 40
2025-09-12T06:12:42.673433Z 55 3 9 40
2025-09-12T06:12:42.704732Z 55 3 9 40
2025-09-12T06:12:42.737027Z 55 3 9 40
2025-09-12T06:12:42.768936Z 55 3 9 40
2025-09-12T06:12:42.800611Z 55 3 9 40
2025-09-12T06:12:42.832130Z 55 3 9 40
2025-09-12T06:12:42.863150Z 55 3 9 40
2025-09-12T06:12:42.895096Z 55 3 9 40
2025-09-12T06:12:42.925795Z 55 3 9 40
2025-09-12T06:12:42.957395Z 55 3 9 40
2025-09-12T06:12:42.989390Z 55 3 9 40
2025-09-12T06:12:43.021125Z 55 3 9 40
2025-09-12T06:12:43.053427Z 55 3 9 40
2025-09-12T06:12:43.085678Z 55 3 9 40
2025-09-12T06:12:43.117704Z 55 3 9 40
2025-09-12T06:12:43.150533Z 55 3 9 40
2025-09-12T06:12:43.182419Z 55 3 9 40
2025-09-12T06:12:43.214772Z 55 3 9 40
2025-09-12T06:12:43.246936Z 55 3 9 40
2025-09-12T06:12:43.278744Z 55 3 9 40
2025-09-12T06:12:43.310685Z 55 3 9 40
2025-09-12T06:12:43.342654Z 55 3 9 40
2025-09-12T06:12:43.374869Z 55 3 9 40
2025-09-12T06:12:43.407101Z 55 3 9 40
2025-09-12T06:12:43.438914Z 55 3 9 40
2025-09-12T06:12:43.472075Z 55 3 9 40
2025-09-12T06:12:43.504072Z 55 3 9 40
2025-09-12T06:12:43.535898Z 55 3 9 40
2025-09-12T06:12:43.568286Z 55 3 9 40
2025-09-12T06:12:43.601685Z 55 3 9 40
2025-09-12T06:12:43.633366Z 55 3 9 40
2025-09-12T06:12:43.665479Z 55 3 9 40
2025-09-12T06:12:43.697613Z 55 3 9 40
2025-09-12T06:12:43.729733Z 55 3 9 40
2025-09-12T06:12:43.761108Z 55 3 9 40
2025-09-12T06:12:43.794169Z 55 3 9 40
2025-09-12T06:12:43.824832Z 55 3 9 40
2025-09-12T06:12:43.856661Z 55 3 9 40
2025-09-12T06:12:43.889201Z 55 3 9 40
2025-09-12T06:12:43.922237Z 55 3 9 40
2025-09-12T06:12:43.954417Z 55 3 9 40
2025-09-12T06:12:43.986139Z 55 3 9 40
2025-09-12T06:12:44.018067Z 55 3 9 40
2025-09-12T06:12:44.050310Z 55 3 9 40
2025-09-12T06:12:44.082166Z 55 3 9 40
2025-09-12T06:12:44.113699Z 55 3 9 40
2025-09-12T06:12:44.145618Z 55 3 9 40
2025-09-12T06:12:44.177672Z 55 3 9 40
2025-09-12T06:12:44.208683Z 55 3 9 40
2025-09-12T06:12:44.240918Z 55 3 9 40
2025-09-12T06:12:44.272538Z 55 3 9 40
2025-09-12T06:12:44.304458Z 55 3 9 40
2025-09-12T06:12:44.335295Z 55 3 9 40
2025-09-12T06:12:44.366273Z 55 3 9 40
2025-09-12T06:12:44.397012Z 55 3 9 40
2025-09-12T06:12:44.428659Z 55 3 9 40
2025-09-12T06:12:44.460440Z 55 3 9 40
2025-09-12T06:12:44.492473Z 55 3 9 40
2025-09-12T06:12:44.523775Z 55 3 9 40
2025-09-12T06:12:44.555351Z 55 3 9 40
2025-09-12T06:12:44.587963Z 55 3 9 40
2025-09-12T06:12:44.620619Z 55 3 9 40
2025-09-12T06:12:44.655806Z 55 3 9 40
2025-09-12T06:12:44.689107Z 55 3 9 40
2025-09-12T06:12:44.721473Z 55 3 9 40
2025-09-12T06:12:44.752476Z 55 3 9 40
2025-09-12T06:12:44.784043Z 55 3 9 40
2025-09-12T06:12:44.815811Z 55 3 9 40
2025-09-12T06:12:44.847963Z 55 3 9 40
2025-09-12T06:12:44.878973Z 55 3 9 40
2025-09-12T06:12:44.909958Z 55 3 9 40
2025-09-12T06:12:44.941452Z 55 3 9 40
2025-09-12T06:12:44.973028Z 55 3 9 40
2025-09-12T06:12:45.005490Z 55 3 9 40
2025-09-12T06:12:45.037143Z 55 3 9 40
2025-09-12T06:12:45.069125Z 55 3 9 40
2025-09-12T06:12:45.100598Z 55 3 9 40
2025-09-12T06:12:45.132722Z 55 3 9 40
2025-09-12T06:12:45.166353Z 55 3 9 40
2025-09-12T06:12:45.198608Z 55 3 9 40
2025-09-12T06:12:45.230504Z 55 3 9 40
2025-09-12T06:12:45.262532Z 55 3 9 40
2025-09-12T06:12:45.293692Z 55 3 9 40
2025-09-12T06:12:45.325023Z 55 3 9 40
2025-09-12T06:12:45.356224Z 55 3 9 40
2025-09-12T06:12:45.388224Z 55 3 9 40
2025-09-12T06:12:45.420005Z 55 3 9 40
2025-09-12T06:12:45.452274Z 55 3 9 40
2025-09-12T06:12:45.484167Z 55 3 9 40
2025-09-12T06:12:45.516465Z 55 3 9 40
2025-09-12T06:12:45.549088Z 55 3 9 40
2025-09-12T06:12:45.581445Z 55 3 9 40
2025-09-12T06:12:45.613389Z 55 3 9 40
2025-09-12T06:12:45.645675Z 55 3 9 40
2025-09-12T06:12:45.677863Z 55 3 9 40
2025-09-12T06:12:45.709960Z 55 3 9 40
2025-09-12T06:12:45.741940Z 55 3 9 40
2025-09-12T06:12:45.773724Z 55 3 9 40
2025-09-12T06:12:45.805982Z 55 3 9 40
2025-09-12T06:12:45.838737Z 55 3 9 40
2025-09-12T06:12:45.870233Z 55 3 9 40
2025-09-12T06:12:45.902966Z 55 3 9 40
2025-09-12T06:12:45.936085Z 55 3 9 40
2025-09-12T06:12:45.969218Z 55 3 9 40
2025-09-12T06:12:46.003130Z 55 3 9 40
2025-09-12T06:12:46.036087Z 55 3 9 40
2025-09-12T06:12:46.068692Z 55 3 9 40
2025-09-12T06:12:46.099787Z 55 3 9 40
2025-09-12T06:12:46.132274Z 55 3 9 40
2025-09-12T06:12:46.165612Z 55 3 9 40
2025-09-12T06:12:46.197965Z 55 3 9 40
2025-09-12T06:12:46.231656Z 55 3 9 40
2025-09-12T06:12:46.264086Z 55 3 9 40
2025-09-12T06:12:46.296640Z 55 3 9 40
2025-09-12T06:12:46.328957Z 55 3 9 40
2025-09-12T06:12:46.361783Z 55 3 9 40
2025-09-12T06:12:46.394766Z 55 3 9 40
2025-09-12T06:12:46.427783Z 55 3 9 40
2025-09-12T06:12:46.460868Z 55 3 9 40
2025-09-12T06:12:46.493364Z 55 3 9 40
2025-09-12T06:12:46.526860Z 55 3 9 40
2025-09-12T06:12:46.558917Z 55 3 9 40
2025-09-12T06:12:46.590793Z 55 3 9 40
2025-09-12T06:12:46.622687Z 55 3 9 40
2025-09-12T06:12:46.653835Z 55 3 9 40
2025-09-12T06:12:46.684391Z 55 3 9 40
2025-09-12T06:12:46.715583Z 55 3 9 40
2025-09-12T06:12:46.746680Z 55 3 9 40
2025-09-12T06:12:46.777287Z 55 3 9 40
2025-09-12T06:12:46.809366Z 55 3 9 40
2025-09-12T06:12:46.840013Z 55 3 9 40
2025-09-12T06:12:46.871139Z 55 3 9 40
2025-09-12T06:12:46.901313Z 55 3 9 40
2025-09-12T06:12:46.931455Z 55 3 9 40
2025-09-12T06:12:46.961844Z 55 3 9 40
2025-09-12T06:12:46.992500Z 55 3 9 40
2025-09-12T06:12:47.023398Z 55 3 9 40
2025-09-12T06:12:47.054562Z 55 3 9 40
2025-09-12T06:12:47.085484Z 55 3 9 40
2025-09-12T06:12:47.116366Z 55 3 9 40
2025-09-12T06:12:47.147411Z 55 3 9 40
2025-09-12T06:12:47.180253Z 55 3 9 40
2025-09-12T06:12:47.210572Z 55 3 9 40
2025-09-12T06:12:47.241688Z 55 3 9 40
2025-09-12T06:12:47.272659Z 55 3 9 40
2025-09-12T06:12:47.303096Z 55 3 9 40
2025-09-12T06:12:47.333936Z 55 3 9 40
2025-09-12T06:12:47.364742Z 55 3 9 40
2025-09-12T06:12:47.395630Z 55 3 9 40
2025-09-12T06:12:47.425736Z 55 3 9 40
2025-09-12T06:12:47.457108Z 55 3 9 40
2025-09-12T06:12:47.488163Z 55 3 9 40
2025-09-12T06:12:47.520193Z 55 3 9 40
2025-09-12T06:12:47.551677Z 55 3 9 40
2025-09-12T06:12:47.584104Z 55 3 9 40
2025-09-12T06:12:47.615091Z 55 3 9 40
2025-09-12T06:12:47.646676Z 55 3 9 40
2025-09-12T06:12:47.678472Z 55 3 9 40
2025-09-12T06:12:47.708899Z 55 3 9 40
2025-09-12T06:12:47.739747Z 55 3 9 40
2025-09-12T06:12:47.770667Z 55 3 9 40
2025-09-12T06:12:47.800419Z 55 3 9 40
2025-09-12T06:12:47.830193Z 55 3 9 40
2025-09-12T06:12:47.860991Z 55 3 9 40
2025-09-12T06:12:47.891109Z 55 3 9 40
2025-09-12T06:12:47.921983Z 55 3 9 40
2025-09-12T06:12:47.953167Z 55 3 9 40
2025-09-12T06:12:47.983972Z 55 3 9 40
2025-09-12T06:12:48.014108Z 55 3 9 40
2025-09-12T06:12:48.044547Z 55 3 9 40
2025-09-12T06:12:48.075574Z 55 3 9 40
2025-09-12T06:12:48.106677Z 55 3 9 40
2025-09-12T06:12:48.137181Z 55 3 9 40
2025-09-12T06:12:48.168351Z 55 3 9 40
2025-09-12T06:12:48.200383Z 55 3 9 40
2025-09-12T06:12:48.232279Z 55 3 9 40
2025-09-12T06:12:48.264664Z 55 3 9 40
2025-09-12T06:12:48.295861Z 55 3 9 40
2025-09-12T06:12:48.327169Z 55 3 9 40
2025-09-12T06:12:48.357975Z 55 3 9 40
2025-09-12T06:12:48.388925Z 55 3 9 40
2025-09-12T06:12:48.419780Z 55 3 9 40
2025-09-12T06:12:48.450230Z 55 3 9 40
2025-09-12T06:12:48.481141Z 55 3 9 40
2025-09-12T06:12:48.512391Z 55 3 9 40
2025-09-12T06:12:48.542661Z 55 3 9 40
2025-09-12T06:12:48.578713Z 55 3 9 40
2025-09-12T06:12:48.610619Z 55 3 9 40
2025-09-12T06:12:48.641638Z 55 3 9 40
2025-09-12T06:12:48.672598Z 55 3 9 40
2025-09-12T06:12:48.702743Z 55 3 9 40
2025-09-12T06:12:48.733894Z 55 3 9 40
2025-09-12T06:12:48.764598Z 55 3 9 40
2025-09-12T06:12:48.794935Z 55 3 9 40
2025-09-12T06:12:48.825602Z 55 3 9 40
2025-09-12T06:12:48.856028Z 55 3 9 40
2025-09-12T06:12:48.886600Z 55 3 9 40
2025-09-12T06:12:48.917864Z 55 3 9 40
2025-09-12T06:12:48.948142Z 55 3 9 40
2025-09-12T06:12:48.979221Z 55 3 9 40
2025-09-12T06:12:49.010032Z 55 3 9 40
2025-09-12T06:12:49.041253Z 55 3 9 40
2025-09-12T06:12:49.072189Z 55 3 9 40
2025-09-12T06:12:49.103365Z 55 3 9 40
2025-09-12T06:12:49.134442Z 55 3 9 40
2025-09-12T06:12:49.165760Z 55 3 9 40
2025-09-12T06:12:49.196709Z 55 3 9 40
2025-09-12T06:12:49.227582Z 55 3 9 40
2025-09-12T06:12:49.258680Z 55 3 9 40
2025-09-12T06:12:49.289740Z 55 3 9 40
2025-09-12T06:12:49.319993Z 55 3 9 40
2025-09-12T06:12:49.350968Z 55 3 9 40
2025-09-12T06:12:49.381851Z 55 3 9 40
2025-09-12T06:12:49.412076Z 55 3 9 40
2025-09-12T06:12:49.443117Z 55 3 9 40
2025-09-12T06:12:49.473889Z 55 3 9 40
2025-09-12T06:12:49.504427Z 55 3 9 40
2025-09-12T06:12:49.535422Z 55 3 9 40
2025-09-12T06:12:49.566230Z 55 3 9 40
2025-09-12T06:12:49.597298Z 55 3 9 40
2025-09-12T06:12:49.628753Z 55 3 9 40
2025-09-12T06:12:49.660122Z 55 3 9 40
2025-09-12T06:12:49.690977Z 55 3 9 40
2025-09-12T06:12:49.722289Z 55 3 9 40
2025-09-12T06:12:49.753379Z 55 3 9 40
2025-09-12T06:12:49.784558Z 55 3 9 40
2025-09-12T06:12:49.815628Z 55 3 9 40
2025-09-12T06:12:49.847479Z 55 3 9 40
2025-09-12T06:12:49.878627Z 55 3 9 40
2025-09-12T06:12:49.910374Z 55 3 9 40
2025-09-12T06:12:49.942686Z 55 3 9 40
2025-09-12T06:12:49.973679Z 55 3 9 40
2025-09-12T06:12:50.005132Z 55 3 9 40
2025-09-12T06:12:50.036033Z 55 3 9 40
2025-09-12T06:12:50.067539Z 55 3 9 40
2025-09-12T06:12:50.098722Z 55 3 9 40
2025-09-12T06:12:50.129614Z 55 3 9 40
2025-09-12T06:12:50.161118Z 55 3 9 40
2025-09-12T06:12:50.192319Z 55 3 9 40
2025-09-12T06:12:50.223993Z 55 3 9 40
2025-09-12T06:12:50.255063Z 55 3 9 40
2025-09-12T06:12:50.286078Z 55 3 9 40
2025-09-12T06:12:50.316883Z 55 3 9 40
2025-09-12T06:12:50.348524Z 55 3 9 40
