2025-09-12T06:12:19.595039Z 10762200000 10762200 0 0
2025-09-12T06:12:19.595882Z 10360020000 10360040 0 20
2025-09-12T06:12:19.606763Z 10360020000 10360040 0 20
2025-09-12T06:12:19.608334Z 10208340000 10208500 0 160
2025-09-12T06:12:19.619383Z 10208340000 10208500 0 160
2025-09-12T06:12:19.621103Z 9615120000 9615500 0 380
2025-09-12T06:12:19.632203Z 9615120000 9615500 0 380
2025-09-12T06:12:19.633946Z 9298500000 9298980 0 480
2025-09-12T06:12:19.644991Z 9298500000 9298980 0 480
2025-09-12T06:12:19.646678Z 8733880000 8734520 0 640
2025-09-12T06:12:19.657730Z 8733880000 8734520 0 640
2025-09-12T06:12:19.659641Z 8122620000 8123520 0 900
2025-09-12T06:12:19.670872Z 8122620000 8123520 0 900
2025-09-12T06:12:19.672575Z 7389120000 7390520 0 1400
2025-09-12T06:12:19.683653Z 7389120000 7390520 0 1400
2025-09-12T06:12:19.685913Z 7146140000 7148020 0 1880
2025-09-12T06:12:19.697231Z 7146140000 7148020 0 1880
2025-09-12T06:12:19.699600Z 7060860000 7063020 0 2160
2025-09-12T06:12:19.710941Z 7060860000 7063020 0 2160
2025-09-12T06:12:19.712875Z 6854500000 6857020 0 2520
2025-09-12T06:12:19.724286Z 6854500000 6857020 0 2520
2025-09-12T06:12:19.726115Z 6650890000 6653810 0 2920
2025-09-12T06:12:19.737403Z 6650890000 6653810 0 2920
2025-09-12T06:12:19.739448Z 6551430000 6554790 0 3360
2025-09-12T06:12:19.750684Z 6551430000 6554790 0 3360
2025-09-12T06:12:19.752731Z 6441170000 6444790 0 3620
2025-09-12T06:12:19.764028Z 6441170000 6444790 0 3620
2025-09-12T06:12:19.766139Z 6357170000 6361290 0 4120
2025-09-12T06:12:19.777402Z 6357170000 6361290 0 4120
2025-09-12T06:12:19.780518Z 6193170000 6197290 0 4120
2025-09-12T06:12:19.791809Z 6193170000 6197290 0 4120
2025-09-12T06:12:19.797049Z 6153030000 6157290 0 4260
2025-09-12T06:12:19.809715Z 1945890000 1970150 0 24260
2025-09-12T06:12:19.832075Z 1945890000 1970150 0 24260
2025-09-12T06:12:19.847470Z 1945890000 1970150 0 24260
2025-09-12T06:12:19.862739Z 1945890000 1970150 0 24260
2025-09-12T06:12:19.884901Z 1945890000 1970150 0 24260
2025-09-12T06:12:19.906472Z 1945890000 1970150 0 24260
2025-09-12T06:12:19.924744Z 1945890000 1970150 0 24260
2025-09-12T06:12:19.940040Z 1945890000 1970150 0 24260
2025-09-12T06:12:19.959524Z 1945890000 1970150 0 24260
2025-09-12T06:12:19.973704Z 1945890000 1970150 0 24260
2025-09-12T06:12:19.990088Z 1945890000 1970150 0 24260
2025-09-12T06:12:20.009400Z 1945890000 1970150 0 24260
2025-09-12T06:12:20.023172Z 1945890000 1970150 0 24260
2025-09-12T06:12:20.037456Z 1945890000 1970150 0 24260
2025-09-12T06:12:20.052223Z 1945890000 1970150 0 24260
2025-09-12T06:12:20.069206Z 1945890000 1970150 0 24260
2025-09-12T06:12:20.084622Z 1945890000 1970150 0 24260
2025-09-12T06:12:20.103284Z 1945890000 1970150 0 24260
2025-09-12T06:12:20.118337Z 1945890000 1970150 0 24260
2025-09-12T06:12:20.134442Z 1945890000 1970150 0 24260
2025-09-12T06:12:20.149440Z 1945890000 1970150 0 24260
2025-09-12T06:12:20.164602Z 1945890000 1970150 0 24260
2025-09-12T06:12:20.180807Z 1945890000 1970150 0 24260
2025-09-12T06:12:20.200832Z 1945890000 1970150 0 24260
2025-09-12T06:12:20.215656Z 1945890000 1970150 0 24260
2025-09-12T06:12:20.229869Z 1945890000 1970150 0 24260
2025-09-12T06:12:20.243772Z 1945890000 1970150 0 24260
2025-09-12T06:12:20.257681Z 1945890000 1970150 0 24260
2025-09-12T06:12:20.273888Z 1945890000 1970150 0 24260
2025-09-12T06:12:20.289942Z 1945890000 1970150 0 24260
2025-09-12T06:12:20.308115Z 1945890000 1970150 0 24260
2025-09-12T06:12:20.333478Z 1945890000 1970150 0 24260
2025-09-12T06:12:20.354869Z 1945890000 1970150 0 24260
2025-09-12T06:12:20.370798Z 1945890000 1970150 0 24260
2025-09-12T06:12:20.389239Z 1945890000 1970150 0 24260
2025-09-12T06:12:20.402888Z 1945890000 1970150 0 24260
2025-09-12T06:12:20.416875Z 1945890000 1970150 0 24260
2025-09-12T06:12:20.431069Z 1945890000 1970150 0 24260
2025-09-12T06:12:20.449198Z 1945890000 1970150 0 24260
2025-09-12T06:12:20.468200Z 1945890000 1970150 0 24260
2025-09-12T06:12:20.483981Z 1945890000 1970150 0 24260
2025-09-12T06:12:20.497916Z 1945890000 1970150 0 24260
2025-09-12T06:12:20.516933Z 1945890000 1970150 0 24260
2025-09-12T06:12:20.534456Z 1945890000 1970150 0 24260
2025-09-12T06:12:20.547885Z 1945890000 1970150 0 24260
2025-09-12T06:12:20.564499Z 1945890000 1970150 0 24260
2025-09-12T06:12:20.583429Z 1945890000 1970150 0 24260
2025-09-12T06:12:20.600462Z 1945890000 1970150 0 24260
2025-09-12T06:12:20.618549Z 1945890000 1970150 0 24260
2025-09-12T06:12:20.638676Z 1945890000 1970150 0 24260
2025-09-12T06:12:20.657895Z 1945890000 1970150 0 24260
2025-09-12T06:12:20.677980Z 1945890000 1970150 0 24260
2025-09-12T06:12:20.694676Z 1945890000 1970150 0 24260
2025-09-12T06:12:20.711525Z 1945890000 1970150 0 24260
2025-09-12T06:12:20.727238Z 1945890000 1970150 0 24260
2025-09-12T06:12:20.742247Z 1945890000 1970150 0 24260
2025-09-12T06:12:20.758010Z 1945890000 1970150 0 24260
2025-09-12T06:12:20.773671Z 1945890000 1970150 0 24260
2025-09-12T06:12:20.790611Z 1945890000 1970150 0 24260
2025-09-12T06:12:20.806388Z 1945890000 1970150 0 24260
2025-09-12T06:12:20.826882Z 1945890000 1970150 0 24260
2025-09-12T06:12:20.844511Z 1945890000 1970150 0 24260
2025-09-12T06:12:20.868289Z 1945890000 1970150 0 24260
2025-09-12T06:12:20.884905Z 1945890000 1970150 0 24260
2025-09-12T06:12:20.900275Z 1945890000 1970150 0 24260
2025-09-12T06:12:20.914462Z 1945890000 1970150 0 24260
2025-09-12T06:12:20.933056Z 1945890000 1970150 0 24260
2025-09-12T06:12:20.948893Z 1945890000 1970150 0 24260
2025-09-12T06:12:20.966384Z 1945890000 1970150 0 24260
2025-09-12T06:12:20.980668Z 1945890000 1970150 0 24260
2025-09-12T06:12:20.996815Z 1945890000 1970150 0 24260
2025-09-12T06:12:21.011799Z 1945890000 1970150 0 24260
2025-09-12T06:12:21.031767Z 1945890000 1970150 0 24260
2025-09-12T06:12:21.048537Z 1945890000 1970150 0 24260
2025-09-12T06:12:21.062932Z 1945890000 1970150 0 24260
2025-09-12T06:12:21.078517Z 1945890000 1970150 0 24260
2025-09-12T06:12:21.099052Z 1945890000 1970150 0 24260
2025-09-12T06:12:21.113598Z 1945890000 1970150 0 24260
2025-09-12T06:12:21.132340Z 1945890000 1970150 0 24260
2025-09-12T06:12:21.147508Z 1945890000 1970150 0 24260
2025-09-12T06:12:21.166645Z 1945890000 1970150 0 24260
2025-09-12T06:12:21.182261Z 1945890000 1970150 0 24260
2025-09-12T06:12:21.201508Z 1945890000 1970150 0 24260
2025-09-12T06:12:21.219098Z 1945890000 1970150 0 24260
2025-09-12T06:12:21.237012Z 1945890000 1970150 0 24260
2025-09-12T06:12:21.253704Z 1945890000 1970150 0 24260
2025-09-12T06:12:21.271815Z 1945890000 1970150 0 24260
2025-09-12T06:12:21.290420Z 1945890000 1970150 0 24260
2025-09-12T06:12:21.305868Z 1945890000 1970150 0 24260
2025-09-12T06:12:21.321567Z 1945890000 1970150 0 24260
2025-09-12T06:12:21.343321Z 1945890000 1970150 0 24260
2025-09-12T06:12:21.358914Z 1945890000 1970150 0 24260
2025-09-12T06:12:21.381205Z 1945890000 1970150 0 24260
2025-09-12T06:12:21.395752Z 1945890000 1970150 0 24260
2025-09-12T06:12:21.413966Z 1945890000 1970150 0 24260
2025-09-12T06:12:21.432637Z 1945890000 1970150 0 24260
2025-09-12T06:12:21.453119Z 1945890000 1970150 0 24260
2025-09-12T06:12:21.470376Z 1945890000 1970150 0 24260
2025-09-12T06:12:21.485776Z 1945890000 1970150 0 24260
2025-09-12T06:12:21.510113Z 1945890000 1970150 0 24260
2025-09-12T06:12:21.523313Z 1945890000 1970150 0 24260
2025-09-12T06:12:21.538231Z 1945890000 1970150 0 24260
2025-09-12T06:12:21.553734Z 1945890000 1970150 0 24260
2025-09-12T06:12:21.570843Z 1945890000 1970150 0 24260
2025-09-12T06:12:21.585223Z 1945890000 1970150 0 24260
2025-09-12T06:12:21.600718Z 1945890000 1970150 0 24260
2025-09-12T06:12:21.618034Z 1945890000 1970150 0 24260
2025-09-12T06:12:21.633888Z 1945890000 1970150 0 24260
2025-09-12T06:12:21.653490Z 1945890000 1970150 0 24260
2025-09-12T06:12:21.670484Z 1945890000 1970150 0 24260
2025-09-12T06:12:21.685089Z 1945890000 1970150 0 24260
2025-09-12T06:12:21.699305Z 1945890000 1970150 0 24260
2025-09-12T06:12:21.713808Z 1945890000 1970150 0 24260
2025-09-12T06:12:21.732065Z 1945890000 1970150 0 24260
2025-09-12T06:12:21.748683Z 1945890000 1970150 0 24260
2025-09-12T06:12:21.767781Z 1945890000 1970150 0 24260
2025-09-12T06:12:21.785128Z 1945890000 1970150 0 24260
2025-09-12T06:12:21.801695Z 1945890000 1970150 0 24260
2025-09-12T06:12:21.818203Z 1945890000 1970150 0 24260
2025-09-12T06:12:21.831589Z 1945890000 1970150 0 24260
2025-09-12T06:12:21.846023Z 1945890000 1970150 0 24260
2025-09-12T06:12:21.868227Z 1945890000 1970150 0 24260
2025-09-12T06:12:21.897289Z 1945890000 1970150 0 24260
2025-09-12T06:12:21.913626Z 1945890000 1970150 0 24260
2025-09-12T06:12:21.930494Z 1945890000 1970150 0 24260
2025-09-12T06:12:21.953361Z 1945890000 1970150 0 24260
2025-09-12T06:12:21.972606Z 1945890000 1970150 0 24260
2025-09-12T06:12:21.991184Z 1945890000 1970150 0 24260
2025-09-12T06:12:22.005553Z 1945890000 1970150 0 24260
2025-09-12T06:12:22.019855Z 1945890000 1970150 0 24260
2025-09-12T06:12:22.037399Z 1945890000 1970150 0 24260
2025-09-12T06:12:22.053089Z 1945890000 1970150 0 24260
2025-09-12T06:12:22.072700Z 1945890000 1970150 0 24260
2025-09-12T06:12:22.091181Z 1945890000 1970150 0 24260
2025-09-12T06:12:22.107161Z 1945890000 1970150 0 24260
2025-09-12T06:12:22.124785Z 1945890000 1970150 0 24260
2025-09-12T06:12:22.139239Z 1945890000 1970150 0 24260
2025-09-12T06:12:22.156036Z 1945890000 1970150 0 24260
2025-09-12T06:12:22.171521Z 1945890000 1970150 0 24260
2025-09-12T06:12:22.191400Z 1945890000 1970150 0 24260
2025-09-12T06:12:22.214691Z 1945890000 1970150 0 24260
2025-09-12T06:12:22.232810Z 1945890000 1970150 0 24260
2025-09-12T06:12:22.250862Z 1945890000 1970150 0 24260
2025-09-12T06:12:22.265485Z 1945890000 1970150 0 24260
2025-09-12T06:12:22.280667Z 1945890000 1970150 0 24260
2025-09-12T06:12:22.296447Z 1945890000 1970150 0 24260
2025-09-12T06:12:22.313650Z 1945890000 1970150 0 24260
2025-09-12T06:12:22.331778Z 1945890000 1970150 0 24260
2025-09-12T06:12:22.348595Z 1945890000 1970150 0 24260
2025-09-12T06:12:22.368930Z 1945890000 1970150 0 24260
2025-09-12T06:12:22.388118Z 1945890000 1970150 0 24260
2025-09-12T06:12:22.401428Z 1945890000 1970150 0 24260
2025-09-12T06:12:22.420079Z 1945890000 1970150 0 24260
2025-09-12T06:12:22.433413Z 1945890000 1970150 0 24260
2025-09-12T06:12:22.446457Z 1945890000 1970150 0 24260
2025-09-12T06:12:22.461302Z 1945890000 1970150 0 24260
2025-09-12T06:12:22.476014Z 1945890000 1970150 0 24260
2025-09-12T06:12:22.489007Z 1945890000 1970150 0 24260
2025-09-12T06:12:22.503582Z 1945890000 1970150 0 24260
2025-09-12T06:12:22.506961Z 1936640000 1961120 0 24480
2025-09-12T06:12:22.520062Z 1945890000 1970150 0 24260
2025-09-12T06:12:22.538388Z 1945890000 1970150 0 24260
2025-09-12T06:12:22.553060Z 1945890000 1970150 0 24260
2025-09-12T06:12:22.568607Z 1945890000 1970150 0 24260
2025-09-12T06:12:22.587009Z 1945890000 1970150 0 24260
2025-09-12T06:12:22.604646Z 1945890000 1970150 0 24260
2025-09-12T06:12:22.629310Z 1945890000 1970150 0 24260
2025-09-12T06:12:22.646703Z 1945890000 1970150 0 24260
2025-09-12T06:12:22.664519Z 1945890000 1970150 0 24260
2025-09-12T06:12:22.681692Z 1945890000 1970150 0 24260
2025-09-12T06:12:22.709794Z 1945890000 1970150 0 24260
2025-09-12T06:12:22.726133Z 1945890000 1970150 0 24260
2025-09-12T06:12:22.745917Z 1945890000 1970150 0 24260
2025-09-12T06:12:22.768559Z 1945890000 1970150 0 24260
2025-09-12T06:12:22.784677Z 1945890000 1970150 0 24260
2025-09-12T06:12:22.799147Z 1945890000 1970150 0 24260
2025-09-12T06:12:22.815703Z 1945890000 1970150 0 24260
2025-09-12T06:12:22.831161Z 1945890000 1970150 0 24260
2025-09-12T06:12:22.848955Z 1945890000 1970150 0 24260
2025-09-12T06:12:22.863707Z 1945890000 1970150 0 24260
2025-09-12T06:12:22.879993Z 1945890000 1970150 0 24260
2025-09-12T06:12:22.902495Z 1945890000 1970150 0 24260
2025-09-12T06:12:22.923741Z 1945890000 1970150 0 24260
2025-09-12T06:12:22.940726Z 1945890000 1970150 0 24260
2025-09-12T06:12:22.954979Z 1945890000 1970150 0 24260
2025-09-12T06:12:22.967973Z 1945890000 1970150 0 24260
2025-09-12T06:12:22.983713Z 1945890000 1970150 0 24260
2025-09-12T06:12:22.999649Z 1945890000 1970150 0 24260
2025-09-12T06:12:23.016046Z 1945890000 1970150 0 24260
2025-09-12T06:12:23.031990Z 1945890000 1970150 0 24260
2025-09-12T06:12:23.047947Z 1945890000 1970150 0 24260
2025-09-12T06:12:23.061848Z 1945890000 1970150 0 24260
2025-09-12T06:12:23.085448Z 1945890000 1970150 0 24260
2025-09-12T06:12:23.100587Z 1945890000 1970150 0 24260
2025-09-12T06:12:23.113741Z 1945890000 1970150 0 24260
2025-09-12T06:12:23.129537Z 1945890000 1970150 0 24260
2025-09-12T06:12:23.146303Z 1945890000 1970150 0 24260
2025-09-12T06:12:23.164123Z 1945890000 1970150 0 24260
2025-09-12T06:12:23.189405Z 1945890000 1970150 0 24260
2025-09-12T06:12:23.204002Z 1945890000 1970150 0 24260
2025-09-12T06:12:23.218093Z 1945890000 1970150 0 24260
2025-09-12T06:12:23.233368Z 1945890000 1970150 0 24260
2025-09-12T06:12:23.248651Z 1945890000 1970150 0 24260
2025-09-12T06:12:23.263401Z 1945890000 1970150 0 24260
2025-09-12T06:12:23.280367Z 1945890000 1970150 0 24260
2025-09-12T06:12:23.301356Z 1945890000 1970150 0 24260
2025-09-12T06:12:23.319787Z 1945890000 1970150 0 24260
2025-09-12T06:12:23.335513Z 1945890000 1970150 0 24260
2025-09-12T06:12:23.354366Z 1945890000 1970150 0 24260
2025-09-12T06:12:23.375997Z 1945890000 1970150 0 24260
2025-09-12T06:12:23.393324Z 1945890000 1970150 0 24260
2025-09-12T06:12:23.406706Z 1945890000 1970150 0 24260
2025-09-12T06:12:23.424197Z 1945890000 1970150 0 24260
2025-09-12T06:12:23.441008Z 1945890000 1970150 0 24260
2025-09-12T06:12:23.456015Z 1945890000 1970150 0 24260
2025-09-12T06:12:23.476937Z 1945890000 1970150 0 24260
2025-09-12T06:12:23.492209Z 1945890000 1970150 0 24260
2025-09-12T06:12:23.511138Z 1945890000 1970150 0 24260
2025-09-12T06:12:23.529787Z 1945890000 1970150 0 24260
2025-09-12T06:12:23.545413Z 1945890000 1970150 0 24260
2025-09-12T06:12:23.564424Z 1945890000 1970150 0 24260
2025-09-12T06:12:23.580231Z 1945890000 1970150 0 24260
2025-09-12T06:12:23.596909Z 1945890000 1970150 0 24260
2025-09-12T06:12:23.612554Z 1945890000 1970150 0 24260
2025-09-12T06:12:23.630724Z 1945890000 1970150 0 24260
2025-09-12T06:12:23.646480Z 1945890000 1970150 0 24260
2025-09-12T06:12:23.668302Z 1945890000 1970150 0 24260
2025-09-12T06:12:23.691337Z 1945890000 1970150 0 24260
2025-09-12T06:12:23.709256Z 1945890000 1970150 0 24260
2025-09-12T06:12:23.727055Z 1945890000 1970150 0 24260
2025-09-12T06:12:23.745152Z 1945890000 1970150 0 24260
2025-09-12T06:12:23.760770Z 1945890000 1970150 0 24260
2025-09-12T06:12:23.776456Z 1945890000 1970150 0 24260
2025-09-12T06:12:23.793122Z 1945890000 1970150 0 24260
2025-09-12T06:12:23.811070Z 1945890000 1970150 0 24260
2025-09-12T06:12:23.827506Z 1945890000 1970150 0 24260
2025-09-12T06:12:23.844214Z 1945890000 1970150 0 24260
2025-09-12T06:12:23.863124Z 1945890000 1970150 0 24260
2025-09-12T06:12:23.878804Z 1945890000 1970150 0 24260
2025-09-12T06:12:23.897812Z 1945890000 1970150 0 24260
2025-09-12T06:12:23.913406Z 1945890000 1970150 0 24260
2025-09-12T06:12:23.929747Z 1945890000 1970150 0 24260
2025-09-12T06:12:23.951306Z 1945890000 1970150 0 24260
2025-09-12T06:12:23.969875Z 1945890000 1970150 0 24260
2025-09-12T06:12:23.986427Z 1945890000 1970150 0 24260
2025-09-12T06:12:24.003591Z 1945890000 1970150 0 24260
2025-09-12T06:12:24.022993Z 1945890000 1970150 0 24260
2025-09-12T06:12:24.046070Z 1945890000 1970150 0 24260
2025-09-12T06:12:24.061145Z 1945890000 1970150 0 24260
2025-09-12T06:12:24.075996Z 1945890000 1970150 0 24260
2025-09-12T06:12:24.089957Z 1945890000 1970150 0 24260
2025-09-12T06:12:24.105701Z 1945890000 1970150 0 24260
2025-09-12T06:12:24.120130Z 1945890000 1970150 0 24260
2025-09-12T06:12:24.140752Z 1945890000 1970150 0 24260
2025-09-12T06:12:24.163352Z 1945890000 1970150 0 24260
2025-09-12T06:12:24.177389Z 1945890000 1970150 0 24260
2025-09-12T06:12:24.196182Z 1945890000 1970150 0 24260
2025-09-12T06:12:24.211919Z 1945890000 1970150 0 24260
2025-09-12T06:12:24.226221Z 1945890000 1970150 0 24260
2025-09-12T06:12:24.246211Z 1945890000 1970150 0 24260
2025-09-12T06:12:24.262579Z 1945890000 1970150 0 24260
2025-09-12T06:12:24.280966Z 1945890000 1970150 0 24260
2025-09-12T06:12:24.298034Z 1945890000 1970150 0 24260
2025-09-12T06:12:24.312780Z 1945890000 1970150 0 24260
2025-09-12T06:12:24.329510Z 1945890000 1970150 0 24260
2025-09-12T06:12:24.343849Z 1945890000 1970150 0 24260
2025-09-12T06:12:24.359018Z 1945890000 1970150 0 24260
2025-09-12T06:12:24.374665Z 1945890000 1970150 0 24260
2025-09-12T06:12:24.389735Z 1945890000 1970150 0 24260
2025-09-12T06:12:24.409588Z 1945890000 1970150 0 24260
2025-09-12T06:12:24.425027Z 1945890000 1970150 0 24260
2025-09-12T06:12:24.439797Z 1945890000 1970150 0 24260
2025-09-12T06:12:24.457976Z 1945890000 1970150 0 24260
2025-09-12T06:12:24.473181Z 1945890000 1970150 0 24260
2025-09-12T06:12:24.492149Z 1945890000 1970150 0 24260
2025-09-12T06:12:24.507956Z 1945890000 1970150 0 24260
2025-09-12T06:12:24.523492Z 1945890000 1970150 0 24260
2025-09-12T06:12:24.540647Z 1945890000 1970150 0 24260
2025-09-12T06:12:24.555295Z 1945890000 1970150 0 24260
2025-09-12T06:12:24.571894Z 1945890000 1970150 0 24260
2025-09-12T06:12:24.592705Z 1945890000 1970150 0 24260
2025-09-12T06:12:24.611175Z 1945890000 1970150 0 24260
2025-09-12T06:12:24.625252Z 1945890000 1970150 0 24260
2025-09-12T06:12:24.643041Z 1945890000 1970150 0 24260
2025-09-12T06:12:24.657347Z 1945890000 1970150 0 24260
2025-09-12T06:12:24.675350Z 1945890000 1970150 0 24260
2025-09-12T06:12:24.688648Z 1945890000 1970150 0 24260
2025-09-12T06:12:24.701928Z 1945890000 1970150 0 24260
2025-09-12T06:12:24.716718Z 1945890000 1970150 0 24260
2025-09-12T06:12:24.736263Z 1945890000 1970150 0 24260
2025-09-12T06:12:24.757103Z 1945890000 1970150 0 24260
2025-09-12T06:12:24.772947Z 1945890000 1970150 0 24260
2025-09-12T06:12:24.792492Z 1945890000 1970150 0 24260
2025-09-12T06:12:24.809256Z 1945890000 1970150 0 24260
2025-09-12T06:12:24.826894Z 1945890000 1970150 0 24260
2025-09-12T06:12:24.841213Z 1945890000 1970150 0 24260
2025-09-12T06:12:24.859799Z 1945890000 1970150 0 24260
2025-09-12T06:12:24.875360Z 1945890000 1970150 0 24260
2025-09-12T06:12:24.889635Z 1945890000 1970150 0 24260
2025-09-12T06:12:24.905804Z 1945890000 1970150 0 24260
2025-09-12T06:12:24.925365Z 1945890000 1970150 0 24260
2025-09-12T06:12:24.939357Z 1945890000 1970150 0 24260
2025-09-12T06:12:24.955214Z 1945890000 1970150 0 24260
2025-09-12T06:12:24.975061Z 1945890000 1970150 0 24260
2025-09-12T06:12:24.999363Z 1945890000 1970150 0 24260
2025-09-12T06:12:25.014561Z 1945890000 1970150 0 24260
2025-09-12T06:12:25.016351Z 1935170000 1959650 0 24480
2025-09-12T06:12:25.029652Z 1945890000 1970150 0 24260
2025-09-12T06:12:25.042558Z 1945890000 1970150 0 24260
2025-09-12T06:12:25.057416Z 1945890000 1970150 0 24260
2025-09-12T06:12:25.072663Z 1945890000 1970150 0 24260
2025-09-12T06:12:25.087667Z 1945890000 1970150 0 24260
2025-09-12T06:12:25.103603Z 1945890000 1970150 0 24260
2025-09-12T06:12:25.123021Z 1945890000 1970150 0 24260
2025-09-12T06:12:25.139586Z 1945890000 1970150 0 24260
2025-09-12T06:12:25.157642Z 1945890000 1970150 0 24260
2025-09-12T06:12:25.175122Z 1945890000 1970150 0 24260
2025-09-12T06:12:25.193430Z 1945890000 1970150 0 24260
2025-09-12T06:12:25.215778Z 1945890000 1970150 0 24260
2025-09-12T06:12:25.230057Z 1945890000 1970150 0 24260
2025-09-12T06:12:25.244277Z 1945890000 1970150 0 24260
2025-09-12T06:12:25.269120Z 1945890000 1970150 0 24260
2025-09-12T06:12:25.287959Z 1945890000 1970150 0 24260
2025-09-12T06:12:25.309475Z 1945890000 1970150 0 24260
2025-09-12T06:12:25.326856Z 1945890000 1970150 0 24260
2025-09-12T06:12:25.343469Z 1945890000 1970150 0 24260
2025-09-12T06:12:25.364731Z 1945890000 1970150 0 24260
2025-09-12T06:12:25.383681Z 1945890000 1970150 0 24260
2025-09-12T06:12:25.403044Z 1945890000 1970150 0 24260
2025-09-12T06:12:25.426238Z 1945890000 1970150 0 24260
2025-09-12T06:12:25.445803Z 1945890000 1970150 0 24260
2025-09-12T06:12:25.460568Z 1945890000 1970150 0 24260
2025-09-12T06:12:25.475392Z 1945890000 1970150 0 24260
2025-09-12T06:12:25.491853Z 1945890000 1970150 0 24260
2025-09-12T06:12:25.506048Z 1945890000 1970150 0 24260
2025-09-12T06:12:25.523342Z 1945890000 1970150 0 24260
2025-09-12T06:12:25.527641Z 1942170000 1966650 0 24480
2025-09-12T06:12:25.540895Z 1945890000 1970150 0 24260
2025-09-12T06:12:25.557118Z 1945890000 1970150 0 24260
2025-09-12T06:12:25.576428Z 1945890000 1970150 0 24260
2025-09-12T06:12:25.593988Z 1945890000 1970150 0 24260
2025-09-12T06:12:25.610769Z 1945890000 1970150 0 24260
2025-09-12T06:12:25.632827Z 1945890000 1970150 0 24260
2025-09-12T06:12:25.655401Z 1945890000 1970150 0 24260
2025-09-12T06:12:25.673214Z 1945890000 1970150 0 24260
2025-09-12T06:12:25.687268Z 1945890000 1970150 0 24260
2025-09-12T06:12:25.706130Z 1945890000 1970150 0 24260
2025-09-12T06:12:25.721933Z 1945890000 1970150 0 24260
2025-09-12T06:12:25.741146Z 1945890000 1970150 0 24260
2025-09-12T06:12:25.758411Z 1945890000 1970150 0 24260
2025-09-12T06:12:25.775268Z 1945890000 1970150 0 24260
2025-09-12T06:12:25.793155Z 1945890000 1970150 0 24260
2025-09-12T06:12:25.810876Z 1945890000 1970150 0 24260
2025-09-12T06:12:25.826320Z 1945890000 1970150 0 24260
2025-09-12T06:12:25.848246Z 1945890000 1970150 0 24260
2025-09-12T06:12:25.866546Z 1945890000 1970150 0 24260
2025-09-12T06:12:25.891875Z 1945890000 1970150 0 24260
2025-09-12T06:12:25.916054Z 1945890000 1970150 0 24260
2025-09-12T06:12:25.935049Z 1945890000 1970150 0 24260
2025-09-12T06:12:25.950899Z 1945890000 1970150 0 24260
2025-09-12T06:12:25.968805Z 1945890000 1970150 0 24260
2025-09-12T06:12:25.994159Z 1945890000 1970150 0 24260
2025-09-12T06:12:26.017478Z 1945890000 1970150 0 24260
2025-09-12T06:12:26.031939Z 1945890000 1970150 0 24260
2025-09-12T06:12:26.045958Z 1945890000 1970150 0 24260
2025-09-12T06:12:26.060079Z 1945890000 1970150 0 24260
2025-09-12T06:12:26.074983Z 1945890000 1970150 0 24260
2025-09-12T06:12:26.092674Z 1945890000 1970150 0 24260
2025-09-12T06:12:26.107220Z 1945890000 1970150 0 24260
2025-09-12T06:12:26.124563Z 1945890000 1970150 0 24260
2025-09-12T06:12:26.143042Z 1945890000 1970150 0 24260
2025-09-12T06:12:26.156450Z 1945890000 1970150 0 24260
2025-09-12T06:12:26.171957Z 1945890000 1970150 0 24260
2025-09-12T06:12:26.187811Z 1945890000 1970150 0 24260
2025-09-12T06:12:26.204656Z 1945890000 1970150 0 24260
2025-09-12T06:12:26.221106Z 1945890000 1970150 0 24260
2025-09-12T06:12:26.243531Z 1945890000 1970150 0 24260
2025-09-12T06:12:26.273312Z 1945890000 1970150 0 24260
2025-09-12T06:12:26.288210Z 1945890000 1970150 0 24260
2025-09-12T06:12:26.301069Z 1945890000 1970150 0 24260
2025-09-12T06:12:26.315615Z 1945890000 1970150 0 24260
2025-09-12T06:12:26.335414Z 1945890000 1970150 0 24260
2025-09-12T06:12:26.350507Z 1945890000 1970150 0 24260
2025-09-12T06:12:26.366035Z 1945890000 1970150 0 24260
2025-09-12T06:12:26.381729Z 1945890000 1970150 0 24260
2025-09-12T06:12:26.397555Z 1945890000 1970150 0 24260
2025-09-12T06:12:26.412557Z 1945890000 1970150 0 24260
2025-09-12T06:12:26.426202Z 1945890000 1970150 0 24260
2025-09-12T06:12:26.442283Z 1945890000 1970150 0 24260
2025-09-12T06:12:26.459859Z 1945890000 1970150 0 24260
2025-09-12T06:12:26.475811Z 1945890000 1970150 0 24260
2025-09-12T06:12:26.491343Z 1945890000 1970150 0 24260
2025-09-12T06:12:26.513251Z 1945890000 1970150 0 24260
2025-09-12T06:12:26.532897Z 1945890000 1970150 0 24260
2025-09-12T06:12:26.548396Z 1945890000 1970150 0 24260
2025-09-12T06:12:26.564015Z 1945890000 1970150 0 24260
2025-09-12T06:12:26.577358Z 1945890000 1970150 0 24260
2025-09-12T06:12:26.594487Z 1945890000 1970150 0 24260
2025-09-12T06:12:26.613998Z 1945890000 1970150 0 24260
2025-09-12T06:12:26.634238Z 1945890000 1970150 0 24260
2025-09-12T06:12:26.652395Z 1945890000 1970150 0 24260
2025-09-12T06:12:26.667950Z 1945890000 1970150 0 24260
2025-09-12T06:12:26.682110Z 1945890000 1970150 0 24260
2025-09-12T06:12:26.701132Z 1945890000 1970150 0 24260
2025-09-12T06:12:26.716348Z 1945890000 1970150 0 24260
2025-09-12T06:12:26.731314Z 1945890000 1970150 0 24260
2025-09-12T06:12:26.747891Z 1945890000 1970150 0 24260
2025-09-12T06:12:26.766251Z 1945890000 1970150 0 24260
2025-09-12T06:12:26.781662Z 1945890000 1970150 0 24260
2025-09-12T06:12:26.797417Z 1945890000 1970150 0 24260
2025-09-12T06:12:26.813562Z 1945890000 1970150 0 24260
2025-09-12T06:12:26.829219Z 1945890000 1970150 0 24260
2025-09-12T06:12:26.846011Z 1945890000 1970150 0 24260
2025-09-12T06:12:26.861597Z 1945890000 1970150 0 24260
2025-09-12T06:12:26.879606Z 1945890000 1970150 0 24260
2025-09-12T06:12:26.894316Z 1945890000 1970150 0 24260
2025-09-12T06:12:26.909086Z 1945890000 1970150 0 24260
2025-09-12T06:12:26.924243Z 1945890000 1970150 0 24260
2025-09-12T06:12:26.939135Z 1945890000 1970150 0 24260
2025-09-12T06:12:26.953451Z 1945890000 1970150 0 24260
2025-09-12T06:12:26.977722Z 1945890000 1970150 0 24260
2025-09-12T06:12:26.996330Z 1945890000 1970150 0 24260
2025-09-12T06:12:27.022890Z 1945890000 1970150 0 24260
2025-09-12T06:12:27.026014Z 1931670000 1956150 0 24480
2025-09-12T06:12:27.038792Z 1945890000 1970150 0 24260
2025-09-12T06:12:27.054439Z 1945890000 1970150 0 24260
2025-09-12T06:12:27.071164Z 1945890000 1970150 0 24260
2025-09-12T06:12:27.084324Z 1945890000 1970150 0 24260
2025-09-12T06:12:27.101339Z 1945890000 1970150 0 24260
2025-09-12T06:12:27.115558Z 1945890000 1970150 0 24260
2025-09-12T06:12:27.129463Z 1945890000 1970150 0 24260
2025-09-12T06:12:27.147612Z 1945890000 1970150 0 24260
2025-09-12T06:12:27.164330Z 1945890000 1970150 0 24260
2025-09-12T06:12:27.180761Z 1945890000 1970150 0 24260
2025-09-12T06:12:27.197212Z 1945890000 1970150 0 24260
2025-09-12T06:12:27.214751Z 1945890000 1970150 0 24260
2025-09-12T06:12:27.240954Z 1945890000 1970150 0 24260
2025-09-12T06:12:27.258118Z 1945890000 1970150 0 24260
2025-09-12T06:12:27.275564Z 1945890000 1970150 0 24260
2025-09-12T06:12:27.301692Z 1945890000 1970150 0 24260
2025-09-12T06:12:27.319650Z 1945890000 1970150 0 24260
2025-09-12T06:12:27.336180Z 1945890000 1970150 0 24260
2025-09-12T06:12:27.354072Z 1945890000 1970150 0 24260
2025-09-12T06:12:27.369869Z 1945890000 1970150 0 24260
2025-09-12T06:12:27.391457Z 1945890000 1970150 0 24260
2025-09-12T06:12:27.407549Z 1945890000 1970150 0 24260
2025-09-12T06:12:27.425292Z 1945890000 1970150 0 24260
2025-09-12T06:12:27.444953Z 1945890000 1970150 0 24260
2025-09-12T06:12:27.463711Z 1945890000 1970150 0 24260
2025-09-12T06:12:27.487183Z 1945890000 1970150 0 24260
2025-09-12T06:12:27.507902Z 1945890000 1970150 0 24260
2025-09-12T06:12:27.529012Z 1945890000 1970150 0 24260
2025-09-12T06:12:27.544454Z 1945890000 1970150 0 24260
2025-09-12T06:12:27.561013Z 1945890000 1970150 0 24260
2025-09-12T06:12:27.578861Z 1945890000 1970150 0 24260
2025-09-12T06:12:27.596513Z 1945890000 1970150 0 24260
2025-09-12T06:12:27.617983Z 1945890000 1970150 0 24260
2025-09-12T06:12:27.621270Z 1925670000 1950150 0 24480
2025-09-12T06:12:27.634261Z 1945890000 1970150 0 24260
2025-09-12T06:12:27.652066Z 1945890000 1970150 0 24260
2025-09-12T06:12:27.673032Z 1945890000 1970150 0 24260
2025-09-12T06:12:27.687885Z 1945890000 1970150 0 24260
2025-09-12T06:12:27.702007Z 1945890000 1970150 0 24260
2025-09-12T06:12:27.715600Z 1945890000 1970150 0 24260
2025-09-12T06:12:27.730621Z 1945890000 1970150 0 24260
2025-09-12T06:12:27.753799Z 1945890000 1970150 0 24260
2025-09-12T06:12:27.773539Z 1945890000 1970150 0 24260
2025-09-12T06:12:27.792317Z 1945890000 1970150 0 24260
2025-09-12T06:12:27.809642Z 1945890000 1970150 0 24260
2025-09-12T06:12:27.827177Z 1945890000 1970150 0 24260
2025-09-12T06:12:27.843302Z 1945890000 1970150 0 24260
2025-09-12T06:12:27.857635Z 1945890000 1970150 0 24260
2025-09-12T06:12:27.875965Z 1945890000 1970150 0 24260
2025-09-12T06:12:27.893041Z 1945890000 1970150 0 24260
2025-09-12T06:12:27.907138Z 1945890000 1970150 0 24260
2025-09-12T06:12:27.922957Z 1945890000 1970150 0 24260
2025-09-12T06:12:27.943821Z 1945890000 1970150 0 24260
2025-09-12T06:12:27.963741Z 1945890000 1970150 0 24260
2025-09-12T06:12:27.983665Z 1945890000 1970150 0 24260
2025-09-12T06:12:28.000999Z 1945890000 1970150 0 24260
2025-09-12T06:12:28.018521Z 1945890000 1970150 0 24260
2025-09-12T06:12:28.043434Z 1945890000 1970150 0 24260
2025-09-12T06:12:28.058931Z 1945890000 1970150 0 24260
2025-09-12T06:12:28.079413Z 1945890000 1970150 0 24260
2025-09-12T06:12:28.098335Z 1945890000 1970150 0 24260
2025-09-12T06:12:28.113777Z 1945890000 1970150 0 24260
2025-09-12T06:12:28.130062Z 1945890000 1970150 0 24260
2025-09-12T06:12:28.145734Z 1945890000 1970150 0 24260
2025-09-12T06:12:28.162590Z 1945890000 1970150 0 24260
2025-09-12T06:12:28.181150Z 1945890000 1970150 0 24260
2025-09-12T06:12:28.200423Z 1945890000 1970150 0 24260
2025-09-12T06:12:28.221210Z 1945890000 1970150 0 24260
2025-09-12T06:12:28.237407Z 1945890000 1970150 0 24260
2025-09-12T06:12:28.251661Z 1945890000 1970150 0 24260
2025-09-12T06:12:28.276297Z 1945890000 1970150 0 24260
2025-09-12T06:12:28.292726Z 1945890000 1970150 0 24260
2025-09-12T06:12:28.315071Z 1945890000 1970150 0 24260
2025-09-12T06:12:28.339495Z 1945890000 1970150 0 24260
2025-09-12T06:12:28.359641Z 1945890000 1970150 0 24260
2025-09-12T06:12:28.378074Z 1945890000 1970150 0 24260
2025-09-12T06:12:28.391427Z 1945890000 1970150 0 24260
2025-09-12T06:12:28.405758Z 1945890000 1970150 0 24260
2025-09-12T06:12:28.425053Z 1945890000 1970150 0 24260
2025-09-12T06:12:28.446042Z 1945890000 1970150 0 24260
2025-09-12T06:12:28.465417Z 1945890000 1970150 0 24260
2025-09-12T06:12:28.479422Z 1945890000 1970150 0 24260
2025-09-12T06:12:28.492755Z 1945890000 1970150 0 24260
2025-09-12T06:12:28.507685Z 1945890000 1970150 0 24260
2025-09-12T06:12:28.527044Z 1945890000 1970150 0 24260
2025-09-12T06:12:28.543268Z 1945890000 1970150 0 24260
2025-09-12T06:12:28.557528Z 1945890000 1970150 0 24260
2025-09-12T06:12:28.574850Z 1945890000 1970150 0 24260
2025-09-12T06:12:28.597905Z 1945890000 1970150 0 24260
2025-09-12T06:12:28.615488Z 1945890000 1970150 0 24260
2025-09-12T06:12:28.635754Z 1945890000 1970150 0 24260
2025-09-12T06:12:28.652643Z 1945890000 1970150 0 24260
2025-09-12T06:12:28.670262Z 1945890000 1970150 0 24260
2025-09-12T06:12:28.693799Z 1945890000 1970150 0 24260
2025-09-12T06:12:28.713088Z 1945890000 1970150 0 24260
2025-09-12T06:12:28.731221Z 1945890000 1970150 0 24260
2025-09-12T06:12:28.749748Z 1945890000 1970150 0 24260
2025-09-12T06:12:28.769098Z 1945890000 1970150 0 24260
2025-09-12T06:12:28.792836Z 1945890000 1970150 0 24260
2025-09-12T06:12:28.807261Z 1945890000 1970150 0 24260
2025-09-12T06:12:28.822389Z 1945890000 1970150 0 24260
2025-09-12T06:12:28.836222Z 1945890000 1970150 0 24260
2025-09-12T06:12:28.851567Z 1945890000 1970150 0 24260
2025-09-12T06:12:28.868465Z 1945890000 1970150 0 24260
2025-09-12T06:12:28.889545Z 1945890000 1970150 0 24260
2025-09-12T06:12:28.918462Z 1945890000 1970150 0 24260
2025-09-12T06:12:28.939575Z 1945890000 1970150 0 24260
2025-09-12T06:12:28.954451Z 1945890000 1970150 0 24260
2025-09-12T06:12:28.970453Z 1945890000 1970150 0 24260
2025-09-12T06:12:28.985820Z 1945890000 1970150 0 24260
2025-09-12T06:12:29.000938Z 1945890000 1970150 0 24260
2025-09-12T06:12:29.019199Z 1945890000 1970150 0 24260
2025-09-12T06:12:29.036360Z 1945890000 1970150 0 24260
2025-09-12T06:12:29.050875Z 1945890000 1970150 0 24260
2025-09-12T06:12:29.064545Z 1945890000 1970150 0 24260
2025-09-12T06:12:29.080622Z 1945890000 1970150 0 24260
2025-09-12T06:12:29.099118Z 1945890000 1970150 0 24260
2025-09-12T06:12:29.116834Z 1945890000 1970150 0 24260
2025-09-12T06:12:29.131811Z 1945890000 1970150 0 24260
2025-09-12T06:12:29.145984Z 1945890000 1970150 0 24260
2025-09-12T06:12:29.160897Z 1945890000 1970150 0 24260
2025-09-12T06:12:29.177721Z 1945890000 1970150 0 24260
2025-09-12T06:12:29.193053Z 1945890000 1970150 0 24260
2025-09-12T06:12:29.206261Z 1945890000 1970150 0 24260
2025-09-12T06:12:29.207722Z 1938670000 1963150 0 24480
2025-09-12T06:12:29.221909Z 1945890000 1970150 0 24260
2025-09-12T06:12:29.237395Z 1945890000 1970150 0 24260
2025-09-12T06:12:29.251474Z 1945890000 1970150 0 24260
2025-09-12T06:12:29.264548Z 1945890000 1970150 0 24260
2025-09-12T06:12:29.278581Z 1945890000 1970150 0 24260
2025-09-12T06:12:29.293384Z 1945890000 1970150 0 24260
2025-09-12T06:12:29.307385Z 1945890000 1970150 0 24260
2025-09-12T06:12:29.324965Z 1945890000 1970150 0 24260
2025-09-12T06:12:29.340610Z 1945890000 1970150 0 24260
2025-09-12T06:12:29.360222Z 1945890000 1970150 0 24260
2025-09-12T06:12:29.385790Z 1945890000 1970150 0 24260
2025-09-12T06:12:29.399681Z 1945890000 1970150 0 24260
2025-09-12T06:12:29.413786Z 1945890000 1970150 0 24260
2025-09-12T06:12:29.434129Z 1945890000 1970150 0 24260
2025-09-12T06:12:29.450260Z 1945890000 1970150 0 24260
2025-09-12T06:12:29.466675Z 1945890000 1970150 0 24260
2025-09-12T06:12:29.487415Z 1945890000 1970150 0 24260
2025-09-12T06:12:29.504646Z 1945890000 1970150 0 24260
2025-09-12T06:12:29.524808Z 1945890000 1970150 0 24260
2025-09-12T06:12:29.541817Z 1945890000 1970150 0 24260
2025-09-12T06:12:29.557127Z 1945890000 1970150 0 24260
2025-09-12T06:12:29.572871Z 1945890000 1970150 0 24260
2025-09-12T06:12:29.589054Z 1945890000 1970150 0 24260
2025-09-12T06:12:29.604590Z 1945890000 1970150 0 24260
2025-09-12T06:12:29.629769Z 1945890000 1970150 0 24260
2025-09-12T06:12:29.646895Z 1945890000 1970150 0 24260
2025-09-12T06:12:29.663210Z 1945890000 1970150 0 24260
2025-09-12T06:12:29.688571Z 1945890000 1970150 0 24260
2025-09-12T06:12:29.704241Z 1945890000 1970150 0 24260
2025-09-12T06:12:29.721620Z 1945890000 1970150 0 24260
2025-09-12T06:12:29.739313Z 1945890000 1970150 0 24260
2025-09-12T06:12:29.759789Z 1945890000 1970150 0 24260
2025-09-12T06:12:29.776516Z 1945890000 1970150 0 24260
2025-09-12T06:12:29.790600Z 1945890000 1970150 0 24260
2025-09-12T06:12:29.806024Z 1945890000 1970150 0 24260
2025-09-12T06:12:29.825880Z 1945890000 1970150 0 24260
2025-09-12T06:12:29.841349Z 1945890000 1970150 0 24260
2025-09-12T06:12:29.859436Z 1945890000 1970150 0 24260
2025-09-12T06:12:29.875206Z 1945890000 1970150 0 24260
2025-09-12T06:12:29.893966Z 1945890000 1970150 0 24260
2025-09-12T06:12:29.907662Z 1945890000 1970150 0 24260
2025-09-12T06:12:29.921656Z 1945890000 1970150 0 24260
2025-09-12T06:12:29.938623Z 1945890000 1970150 0 24260
2025-09-12T06:12:29.956996Z 1945890000 1970150 0 24260
2025-09-12T06:12:29.978703Z 1945890000 1970150 0 24260
2025-09-12T06:12:29.992067Z 1945890000 1970150 0 24260
2025-09-12T06:12:30.007810Z 1945890000 1970150 0 24260
2025-09-12T06:12:30.011094Z 1935170000 1959650 0 24480
2025-09-12T06:12:30.024272Z 1945890000 1970150 0 24260
2025-09-12T06:12:30.043802Z 1945890000 1970150 0 24260
2025-09-12T06:12:30.063153Z 1945890000 1970150 0 24260
2025-09-12T06:12:30.080770Z 1945890000 1970150 0 24260
2025-09-12T06:12:30.096862Z 1945890000 1970150 0 24260
2025-09-12T06:12:30.110189Z 1945890000 1970150 0 24260
2025-09-12T06:12:30.125946Z 1945890000 1970150 0 24260
2025-09-12T06:12:30.141042Z 1945890000 1970150 0 24260
2025-09-12T06:12:30.156730Z 1945890000 1970150 0 24260
2025-09-12T06:12:30.173269Z 1945890000 1970150 0 24260
2025-09-12T06:12:30.186646Z 1945890000 1970150 0 24260
2025-09-12T06:12:30.202311Z 1945890000 1970150 0 24260
2025-09-12T06:12:30.217943Z 1945890000 1970150 0 24260
2025-09-12T06:12:30.235037Z 1945890000 1970150 0 24260
2025-09-12T06:12:30.249071Z 1945890000 1970150 0 24260
2025-09-12T06:12:30.265280Z 1945890000 1970150 0 24260
2025-09-12T06:12:30.295182Z 1945890000 1970150 0 24260
2025-09-12T06:12:30.313165Z 1945890000 1970150 0 24260
2025-09-12T06:12:30.326479Z 1945890000 1970150 0 24260
2025-09-12T06:12:30.343313Z 1945890000 1970150 0 24260
2025-09-12T06:12:30.358857Z 1945890000 1970150 0 24260
2025-09-12T06:12:30.363636Z 1931670000 1956150 0 24480
2025-09-12T06:12:30.376981Z 1945890000 1970150 0 24260
2025-09-12T06:12:30.399201Z 1945890000 1970150 0 24260
2025-09-12T06:12:30.420535Z 1945890000 1970150 0 24260
2025-09-12T06:12:30.447774Z 1945890000 1970150 0 24260
2025-09-12T06:12:30.471830Z 1945890000 1970150 0 24260
2025-09-12T06:12:30.488987Z 1945890000 1970150 0 24260
2025-09-12T06:12:30.503098Z 1945890000 1970150 0 24260
2025-09-12T06:12:30.518671Z 1945890000 1970150 0 24260
2025-09-12T06:12:30.534520Z 1945890000 1970150 0 24260
2025-09-12T06:12:30.553575Z 1945890000 1970150 0 24260
2025-09-12T06:12:30.568905Z 1945890000 1970150 0 24260
2025-09-12T06:12:30.586257Z 1945890000 1970150 0 24260
2025-09-12T06:12:30.605473Z 1945890000 1970150 0 24260
2025-09-12T06:12:30.627120Z 1945890000 1970150 0 24260
2025-09-12T06:12:30.642691Z 1945890000 1970150 0 24260
2025-09-12T06:12:30.656558Z 1945890000 1970150 0 24260
2025-09-12T06:12:30.671912Z 1945890000 1970150 0 24260
2025-09-12T06:12:30.686570Z 1945890000 1970150 0 24260
2025-09-12T06:12:30.705305Z 1945890000 1970150 0 24260
2025-09-12T06:12:30.723339Z 1945890000 1970150 0 24260
2025-09-12T06:12:30.743614Z 1945890000 1970150 0 24260
2025-09-12T06:12:30.762981Z 1945890000 1970150 0 24260
2025-09-12T06:12:30.780318Z 1945890000 1970150 0 24260
2025-09-12T06:12:30.797568Z 1945890000 1970150 0 24260
2025-09-12T06:12:30.813399Z 1945890000 1970150 0 24260
2025-09-12T06:12:30.833677Z 1945890000 1970150 0 24260
2025-09-12T06:12:30.850750Z 1945890000 1970150 0 24260
2025-09-12T06:12:30.865093Z 1945890000 1970150 0 24260
2025-09-12T06:12:30.879980Z 1945890000 1970150 0 24260
2025-09-12T06:12:30.894329Z 1945890000 1970150 0 24260
2025-09-12T06:12:30.911593Z 1945890000 1970150 0 24260
2025-09-12T06:12:30.926128Z 1945890000 1970150 0 24260
2025-09-12T06:12:30.940523Z 1945890000 1970150 0 24260
2025-09-12T06:12:30.960714Z 1945890000 1970150 0 24260
2025-09-12T06:12:30.978765Z 1945890000 1970150 0 24260
2025-09-12T06:12:30.982132Z 1939650000 1964130 0 24480
2025-09-12T06:12:30.995318Z 1945890000 1970150 0 24260
2025-09-12T06:12:31.012747Z 1945890000 1970150 0 24260
2025-09-12T06:12:31.030639Z 1945890000 1970150 0 24260
2025-09-12T06:12:31.048737Z 1945890000 1970150 0 24260
2025-09-12T06:12:31.064531Z 1945890000 1970150 0 24260
2025-09-12T06:12:31.084053Z 1945890000 1970150 0 24260
2025-09-12T06:12:31.099097Z 1945890000 1970150 0 24260
2025-09-12T06:12:31.114005Z 1945890000 1970150 0 24260
2025-09-12T06:12:31.129875Z 1945890000 1970150 0 24260
2025-09-12T06:12:31.145644Z 1945890000 1970150 0 24260
2025-09-12T06:12:31.161221Z 1945890000 1970150 0 24260
2025-09-12T06:12:31.176885Z 1945890000 1970150 0 24260
2025-09-12T06:12:31.201968Z 1945890000 1970150 0 24260
2025-09-12T06:12:31.217501Z 1945890000 1970150 0 24260
2025-09-12T06:12:31.233407Z 1945890000 1970150 0 24260
2025-09-12T06:12:31.252375Z 1945890000 1970150 0 24260
2025-09-12T06:12:31.253888Z 1931670000 1956150 0 24480
2025-09-12T06:12:31.266124Z 1945890000 1970150 0 24260
2025-09-12T06:12:31.279501Z 1945890000 1970150 0 24260
2025-09-12T06:12:31.294892Z 1945890000 1970150 0 24260
2025-09-12T06:12:31.313126Z 1945890000 1970150 0 24260
2025-09-12T06:12:31.336018Z 1945890000 1970150 0 24260
2025-09-12T06:12:31.355254Z 1945890000 1970150 0 24260
2025-09-12T06:12:31.370045Z 1945890000 1970150 0 24260
2025-09-12T06:12:31.384869Z 1945890000 1970150 0 24260
2025-09-12T06:12:31.400857Z 1945890000 1970150 0 24260
2025-09-12T06:12:31.414973Z 1945890000 1970150 0 24260
2025-09-12T06:12:31.429173Z 1945890000 1970150 0 24260
2025-09-12T06:12:31.444684Z 1945890000 1970150 0 24260
2025-09-12T06:12:31.462829Z 1945890000 1970150 0 24260
2025-09-12T06:12:31.481957Z 1945890000 1970150 0 24260
2025-09-12T06:12:31.506494Z 1945890000 1970150 0 24260
2025-09-12T06:12:31.530331Z 1945890000 1970150 0 24260
2025-09-12T06:12:31.546451Z 1945890000 1970150 0 24260
2025-09-12T06:12:31.562701Z 1945890000 1970150 0 24260
2025-09-12T06:12:31.577027Z 1945890000 1970150 0 24260
2025-09-12T06:12:31.591506Z 1945890000 1970150 0 24260
2025-09-12T06:12:31.604706Z 1945890000 1970150 0 24260
2025-09-12T06:12:31.622971Z 1945890000 1970150 0 24260
2025-09-12T06:12:31.641396Z 1945890000 1970150 0 24260
2025-09-12T06:12:31.661246Z 1945890000 1970150 0 24260
2025-09-12T06:12:31.679231Z 1945890000 1970150 0 24260
2025-09-12T06:12:31.698593Z 1945890000 1970150 0 24260
2025-09-12T06:12:31.724650Z 1945890000 1970150 0 24260
2025-09-12T06:12:31.739019Z 1945890000 1970150 0 24260
2025-09-12T06:12:31.754210Z 1945890000 1970150 0 24260
2025-09-12T06:12:31.770746Z 1945890000 1970150 0 24260
2025-09-12T06:12:31.791557Z 1945890000 1970150 0 24260
2025-09-12T06:12:31.808399Z 1945890000 1970150 0 24260
2025-09-12T06:12:31.824141Z 1945890000 1970150 0 24260
2025-09-12T06:12:31.848157Z 1945890000 1970150 0 24260
2025-09-12T06:12:31.864454Z 1945890000 1970150 0 24260
2025-09-12T06:12:31.890304Z 1945890000 1970150 0 24260
2025-09-12T06:12:31.907735Z 1945890000 1970150 0 24260
2025-09-12T06:12:31.921769Z 1945890000 1970150 0 24260
2025-09-12T06:12:31.935706Z 1945890000 1970150 0 24260
2025-09-12T06:12:31.952383Z 1945890000 1970150 0 24260
2025-09-12T06:12:31.967931Z 1945890000 1970150 0 24260
2025-09-12T06:12:31.984007Z 1945890000 1970150 0 24260
2025-09-12T06:12:31.999106Z 1945890000 1970150 0 24260
2025-09-12T06:12:32.013307Z 1945890000 1970150 0 24260
2025-09-12T06:12:32.030334Z 1945890000 1970150 0 24260
2025-09-12T06:12:32.045152Z 1945890000 1970150 0 24260
2025-09-12T06:12:32.064686Z 1945890000 1970150 0 24260
2025-09-12T06:12:32.079723Z 1945890000 1970150 0 24260
2025-09-12T06:12:32.093664Z 1945890000 1970150 0 24260
2025-09-12T06:12:32.107961Z 1945890000 1970150 0 24260
2025-09-12T06:12:32.122006Z 1945890000 1970150 0 24260
2025-09-12T06:12:32.138154Z 1945890000 1970150 0 24260
2025-09-12T06:12:32.160042Z 1945890000 1970150 0 24260
2025-09-12T06:12:32.181353Z 1945890000 1970150 0 24260
2025-09-12T06:12:32.200194Z 1945890000 1970150 0 24260
2025-09-12T06:12:32.217732Z 1945890000 1970150 0 24260
2025-09-12T06:12:32.241790Z 1945890000 1970150 0 24260
2025-09-12T06:12:32.265997Z 1945890000 1970150 0 24260
2025-09-12T06:12:32.280233Z 1945890000 1970150 0 24260
2025-09-12T06:12:32.296263Z 1945890000 1970150 0 24260
2025-09-12T06:12:32.315693Z 1945890000 1970150 0 24260
2025-09-12T06:12:32.344497Z 1945890000 1970150 0 24260
2025-09-12T06:12:32.362081Z 1945890000 1970150 0 24260
2025-09-12T06:12:32.378510Z 1945890000 1970150 0 24260
2025-09-12T06:12:32.393115Z 1945890000 1970150 0 24260
2025-09-12T06:12:32.408224Z 1945890000 1970150 0 24260
2025-09-12T06:12:32.425269Z 1945890000 1970150 0 24260
2025-09-12T06:12:32.446941Z 1945890000 1970150 0 24260
2025-09-12T06:12:32.462784Z 1945890000 1970150 0 24260
2025-09-12T06:12:32.475675Z 1945890000 1970150 0 24260
2025-09-12T06:12:32.493007Z 1945890000 1970150 0 24260
2025-09-12T06:12:32.514322Z 1945890000 1970150 0 24260
2025-09-12T06:12:32.533808Z 1945890000 1970150 0 24260
2025-09-12T06:12:32.552205Z 1945890000 1970150 0 24260
2025-09-12T06:12:32.568790Z 1945890000 1970150 0 24260
2025-09-12T06:12:32.583390Z 1945890000 1970150 0 24260
2025-09-12T06:12:32.600993Z 1945890000 1970150 0 24260
2025-09-12T06:12:32.616395Z 1945890000 1970150 0 24260
2025-09-12T06:12:32.634616Z 1945890000 1970150 0 24260
2025-09-12T06:12:32.650095Z 1945890000 1970150 0 24260
2025-09-12T06:12:32.667512Z 1945890000 1970150 0 24260
2025-09-12T06:12:32.685310Z 1945890000 1970150 0 24260
2025-09-12T06:12:32.706682Z 1945890000 1970150 0 24260
2025-09-12T06:12:32.722125Z 1945890000 1970150 0 24260
2025-09-12T06:12:32.745128Z 1945890000 1970150 0 24260
2025-09-12T06:12:32.759894Z 1945890000 1970150 0 24260
2025-09-12T06:12:32.775032Z 1945890000 1970150 0 24260
2025-09-12T06:12:32.789212Z 1945890000 1970150 0 24260
2025-09-12T06:12:32.807650Z 1945890000 1970150 0 24260
2025-09-12T06:12:32.823453Z 1945890000 1970150 0 24260
2025-09-12T06:12:32.839518Z 1945890000 1970150 0 24260
2025-09-12T06:12:32.857358Z 1945890000 1970150 0 24260
2025-09-12T06:12:32.875782Z 1945890000 1970150 0 24260
2025-09-12T06:12:32.893461Z 1945890000 1970150 0 24260
2025-09-12T06:12:32.915999Z 1945890000 1970150 0 24260
2025-09-12T06:12:32.931581Z 1945890000 1970150 0 24260
2025-09-12T06:12:32.949316Z 1945890000 1970150 0 24260
2025-09-12T06:12:32.966614Z 1945890000 1970150 0 24260
2025-09-12T06:12:32.981238Z 1945890000 1970150 0 24260
2025-09-12T06:12:32.998701Z 1945890000 1970150 0 24260
2025-09-12T06:12:33.020362Z 1945890000 1970150 0 24260
2025-09-12T06:12:33.039802Z 1945890000 1970150 0 24260
2025-09-12T06:12:33.057930Z 1945890000 1970150 0 24260
2025-09-12T06:12:33.061438Z 1942170000 1966650 0 24480
2025-09-12T06:12:33.074429Z 1945890000 1970150 0 24260
2025-09-12T06:12:33.095626Z 1945890000 1970150 0 24260
2025-09-12T06:12:33.120310Z 1945890000 1970150 0 24260
2025-09-12T06:12:33.136963Z 1945890000 1970150 0 24260
2025-09-12T06:12:33.153447Z 1945890000 1970150 0 24260
2025-09-12T06:12:33.176561Z 1945890000 1970150 0 24260
2025-09-12T06:12:33.195419Z 1945890000 1970150 0 24260
2025-09-12T06:12:33.213317Z 1945890000 1970150 0 24260
2025-09-12T06:12:33.228933Z 1945890000 1970150 0 24260
2025-09-12T06:12:33.250781Z 1945890000 1970150 0 24260
2025-09-12T06:12:33.270169Z 1945890000 1970150 0 24260
2025-09-12T06:12:33.285266Z 1945890000 1970150 0 24260
2025-09-12T06:12:33.299704Z 1945890000 1970150 0 24260
2025-09-12T06:12:33.314065Z 1945890000 1970150 0 24260
2025-09-12T06:12:33.331553Z 1945890000 1970150 0 24260
2025-09-12T06:12:33.352614Z 1945890000 1970150 0 24260
2025-09-12T06:12:33.373421Z 1945890000 1970150 0 24260
2025-09-12T06:12:33.391333Z 1945890000 1970150 0 24260
2025-09-12T06:12:33.410131Z 1945890000 1970150 0 24260
2025-09-12T06:12:33.425817Z 1945890000 1970150 0 24260
2025-09-12T06:12:33.442539Z 1945890000 1970150 0 24260
2025-09-12T06:12:33.463689Z 1945890000 1970150 0 24260
2025-09-12T06:12:33.487861Z 1945890000 1970150 0 24260
2025-09-12T06:12:33.502903Z 1945890000 1970150 0 24260
2025-09-12T06:12:33.517181Z 1945890000 1970150 0 24260
2025-09-12T06:12:33.534451Z 1945890000 1970150 0 24260
2025-09-12T06:12:33.550862Z 1945890000 1970150 0 24260
2025-09-12T06:12:33.566368Z 1945890000 1970150 0 24260
2025-09-12T06:12:33.582789Z 1945890000 1970150 0 24260
2025-09-12T06:12:33.600375Z 1945890000 1970150 0 24260
2025-09-12T06:12:33.614077Z 1945890000 1970150 0 24260
2025-09-12T06:12:33.629344Z 1945890000 1970150 0 24260
2025-09-12T06:12:33.647438Z 1945890000 1970150 0 24260
2025-09-12T06:12:33.666826Z 1945890000 1970150 0 24260
2025-09-12T06:12:33.682995Z 1945890000 1970150 0 24260
2025-09-12T06:12:33.697685Z 1945890000 1970150 0 24260
2025-09-12T06:12:33.712634Z 1945890000 1970150 0 24260
2025-09-12T06:12:33.730475Z 1945890000 1970150 0 24260
2025-09-12T06:12:33.745863Z 1945890000 1970150 0 24260
2025-09-12T06:12:33.776396Z 1945890000 1970150 0 24260
2025-09-12T06:12:33.800440Z 1945890000 1970150 0 24260
2025-09-12T06:12:33.819756Z 1945890000 1970150 0 24260
2025-09-12T06:12:33.836013Z 1945890000 1970150 0 24260
2025-09-12T06:12:33.853053Z 1945890000 1970150 0 24260
2025-09-12T06:12:33.868971Z 1945890000 1970150 0 24260
2025-09-12T06:12:33.882464Z 1945890000 1970150 0 24260
2025-09-12T06:12:33.898839Z 1945890000 1970150 0 24260
2025-09-12T06:12:33.915459Z 1945890000 1970150 0 24260
2025-09-12T06:12:33.933783Z 1945890000 1970150 0 24260
2025-09-12T06:12:33.950677Z 1945890000 1970150 0 24260
2025-09-12T06:12:33.966810Z 1945890000 1970150 0 24260
2025-09-12T06:12:33.981245Z 1945890000 1970150 0 24260
2025-09-12T06:12:33.995164Z 1945890000 1970150 0 24260
2025-09-12T06:12:34.010838Z 1945890000 1970150 0 24260
2025-09-12T06:12:34.030139Z 1945890000 1970150 0 24260
2025-09-12T06:12:34.047454Z 1945890000 1970150 0 24260
2025-09-12T06:12:34.063528Z 1945890000 1970150 0 24260
2025-09-12T06:12:34.065067Z 1935170000 1959650 0 24480
2025-09-12T06:12:34.077045Z 1945890000 1970150 0 24260
2025-09-12T06:12:34.092502Z 1945890000 1970150 0 24260
2025-09-12T06:12:34.109333Z 1945890000 1970150 0 24260
2025-09-12T06:12:34.126128Z 1945890000 1970150 0 24260
2025-09-12T06:12:34.141492Z 1945890000 1970150 0 24260
2025-09-12T06:12:34.156632Z 1945890000 1970150 0 24260
2025-09-12T06:12:34.172390Z 1945890000 1970150 0 24260
2025-09-12T06:12:34.186762Z 1945890000 1970150 0 24260
2025-09-12T06:12:34.206028Z 1945890000 1970150 0 24260
2025-09-12T06:12:34.225097Z 1945890000 1970150 0 24260
2025-09-12T06:12:34.244113Z 1945890000 1970150 0 24260
2025-09-12T06:12:34.272594Z 1945890000 1970150 0 24260
2025-09-12T06:12:34.291495Z 1945890000 1970150 0 24260
2025-09-12T06:12:34.310799Z 1945890000 1970150 0 24260
2025-09-12T06:12:34.326540Z 1945890000 1970150 0 24260
2025-09-12T06:12:34.340324Z 1945890000 1970150 0 24260
2025-09-12T06:12:34.353554Z 1945890000 1970150 0 24260
2025-09-12T06:12:34.370735Z 1945890000 1970150 0 24260
2025-09-12T06:12:34.385477Z 1945890000 1970150 0 24260
2025-09-12T06:12:34.399853Z 1945890000 1970150 0 24260
2025-09-12T06:12:34.417629Z 1945890000 1970150 0 24260
2025-09-12T06:12:34.437337Z 1945890000 1970150 0 24260
2025-09-12T06:12:34.458174Z 1945890000 1970150 0 24260
2025-09-12T06:12:34.472454Z 1945890000 1970150 0 24260
2025-09-12T06:12:34.488633Z 1945890000 1970150 0 24260
2025-09-12T06:12:34.508348Z 1945890000 1970150 0 24260
2025-09-12T06:12:34.522842Z 1945890000 1970150 0 24260
2025-09-12T06:12:34.537581Z 1945890000 1970150 0 24260
2025-09-12T06:12:34.552862Z 1945890000 1970150 0 24260
2025-09-12T06:12:34.567640Z 1945890000 1970150 0 24260
2025-09-12T06:12:34.593524Z 1945890000 1970150 0 24260
2025-09-12T06:12:34.615606Z 1945890000 1970150 0 24260
2025-09-12T06:12:34.632672Z 1945890000 1970150 0 24260
2025-09-12T06:12:34.651077Z 1945890000 1970150 0 24260
2025-09-12T06:12:34.675485Z 1945890000 1970150 0 24260
2025-09-12T06:12:34.690744Z 1945890000 1970150 0 24260
2025-09-12T06:12:34.705417Z 1945890000 1970150 0 24260
2025-09-12T06:12:34.720115Z 1945890000 1970150 0 24260
2025-09-12T06:12:34.740089Z 1945890000 1970150 0 24260
2025-09-12T06:12:34.756789Z 1945890000 1970150 0 24260
2025-09-12T06:12:34.771021Z 1945890000 1970150 0 24260
2025-09-12T06:12:34.787025Z 1945890000 1970150 0 24260
2025-09-12T06:12:34.807009Z 1945890000 1970150 0 24260
2025-09-12T06:12:34.835513Z 1945890000 1970150 0 24260
2025-09-12T06:12:34.855867Z 1945890000 1970150 0 24260
2025-09-12T06:12:34.871591Z 1945890000 1970150 0 24260
2025-09-12T06:12:34.884931Z 1945890000 1970150 0 24260
2025-09-12T06:12:34.900137Z 1945890000 1970150 0 24260
2025-09-12T06:12:34.914171Z 1945890000 1970150 0 24260
2025-09-12T06:12:34.929851Z 1945890000 1970150 0 24260
2025-09-12T06:12:34.947688Z 1945890000 1970150 0 24260
2025-09-12T06:12:34.966866Z 1945890000 1970150 0 24260
2025-09-12T06:12:34.986820Z 1945890000 1970150 0 24260
2025-09-12T06:12:35.002073Z 1945890000 1970150 0 24260
2025-09-12T06:12:35.017221Z 1945890000 1970150 0 24260
2025-09-12T06:12:35.032007Z 1945890000 1970150 0 24260
2025-09-12T06:12:35.047461Z 1945890000 1970150 0 24260
2025-09-12T06:12:35.067718Z 1945890000 1970150 0 24260
2025-09-12T06:12:35.087843Z 1945890000 1970150 0 24260
2025-09-12T06:12:35.107334Z 1945890000 1970150 0 24260
2025-09-12T06:12:35.127200Z 1945890000 1970150 0 24260
2025-09-12T06:12:35.143722Z 1945890000 1970150 0 24260
2025-09-12T06:12:35.163041Z 1945890000 1970150 0 24260
2025-09-12T06:12:35.182375Z 1945890000 1970150 0 24260
2025-09-12T06:12:35.201273Z 1945890000 1970150 0 24260
2025-09-12T06:12:35.215762Z 1945890000 1970150 0 24260
2025-09-12T06:12:35.240288Z 1945890000 1970150 0 24260
2025-09-12T06:12:35.256820Z 1945890000 1970150 0 24260
2025-09-12T06:12:35.274965Z 1945890000 1970150 0 24260
2025-09-12T06:12:35.291393Z 1945890000 1970150 0 24260
2025-09-12T06:12:35.307153Z 1945890000 1970150 0 24260
2025-09-12T06:12:35.322658Z 1945890000 1970150 0 24260
2025-09-12T06:12:35.337970Z 1945890000 1970150 0 24260
2025-09-12T06:12:35.355657Z 1945890000 1970150 0 24260
2025-09-12T06:12:35.369886Z 1945890000 1970150 0 24260
2025-09-12T06:12:35.387111Z 1945890000 1970150 0 24260
2025-09-12T06:12:35.406113Z 1945890000 1970150 0 24260
2025-09-12T06:12:35.423704Z 1945890000 1970150 0 24260
2025-09-12T06:12:35.438971Z 1945890000 1970150 0 24260
2025-09-12T06:12:35.455434Z 1945890000 1970150 0 24260
2025-09-12T06:12:35.472679Z 1945890000 1970150 0 24260
2025-09-12T06:12:35.488958Z 1945890000 1970150 0 24260
2025-09-12T06:12:35.503309Z 1945890000 1970150 0 24260
2025-09-12T06:12:35.523033Z 1945890000 1970150 0 24260
2025-09-12T06:12:35.540930Z 1945890000 1970150 0 24260
2025-09-12T06:12:35.557058Z 1945890000 1970150 0 24260
2025-09-12T06:12:35.571517Z 1945890000 1970150 0 24260
2025-09-12T06:12:35.586847Z 1945890000 1970150 0 24260
2025-09-12T06:12:35.606876Z 1945890000 1970150 0 24260
2025-09-12T06:12:35.621956Z 1945890000 1970150 0 24260
2025-09-12T06:12:35.643342Z 1945890000 1970150 0 24260
2025-09-12T06:12:35.660771Z 1945890000 1970150 0 24260
2025-09-12T06:12:35.675921Z 1945890000 1970150 0 24260
2025-09-12T06:12:35.694360Z 1945890000 1970150 0 24260
2025-09-12T06:12:35.714944Z 1945890000 1970150 0 24260
2025-09-12T06:12:35.733514Z 1945890000 1970150 0 24260
2025-09-12T06:12:35.748127Z 1945890000 1970150 0 24260
2025-09-12T06:12:35.767276Z 1945890000 1970150 0 24260
2025-09-12T06:12:35.781981Z 1945890000 1970150 0 24260
2025-09-12T06:12:35.797831Z 1945890000 1970150 0 24260
2025-09-12T06:12:35.816191Z 1945890000 1970150 0 24260
2025-09-12T06:12:35.840158Z 1945890000 1970150 0 24260
2025-09-12T06:12:35.859446Z 1945890000 1970150 0 24260
2025-09-12T06:12:35.879066Z 1945890000 1970150 0 24260
2025-09-12T06:12:35.897030Z 1945890000 1970150 0 24260
2025-09-12T06:12:35.917284Z 1945890000 1970150 0 24260
2025-09-12T06:12:35.934639Z 1945890000 1970150 0 24260
2025-09-12T06:12:35.959494Z 1945890000 1970150 0 24260
2025-09-12T06:12:35.979846Z 1945890000 1970150 0 24260
2025-09-12T06:12:35.998550Z 1945890000 1970150 0 24260
2025-09-12T06:12:36.017986Z 1945890000 1970150 0 24260
2025-09-12T06:12:36.039538Z 1945890000 1970150 0 24260
2025-09-12T06:12:36.061946Z 1945890000 1970150 0 24260
2025-09-12T06:12:36.081318Z 1945890000 1970150 0 24260
2025-09-12T06:12:36.095737Z 1945890000 1970150 0 24260
2025-09-12T06:12:36.111207Z 1945890000 1970150 0 24260
2025-09-12T06:12:36.127516Z 1945890000 1970150 0 24260
2025-09-12T06:12:36.143544Z 1945890000 1970150 0 24260
2025-09-12T06:12:36.157626Z 1945890000 1970150 0 24260
2025-09-12T06:12:36.173851Z 1945890000 1970150 0 24260
2025-09-12T06:12:36.187848Z 1945890000 1970150 0 24260
2025-09-12T06:12:36.202017Z 1945890000 1970150 0 24260
2025-09-12T06:12:36.219596Z 1945890000 1970150 0 24260
2025-09-12T06:12:36.237597Z 1945890000 1970150 0 24260
2025-09-12T06:12:36.257969Z 1945890000 1970150 0 24260
2025-09-12T06:12:36.277023Z 1945890000 1970150 0 24260
2025-09-12T06:12:36.293432Z 1945890000 1970150 0 24260
2025-09-12T06:12:36.316454Z 1945890000 1970150 0 24260
2025-09-12T06:12:36.332475Z 1945890000 1970150 0 24260
2025-09-12T06:12:36.347057Z 1945890000 1970150 0 24260
2025-09-12T06:12:36.361105Z 1945890000 1970150 0 24260
2025-09-12T06:12:36.376063Z 1945890000 1970150 0 24260
2025-09-12T06:12:36.390149Z 1945890000 1970150 0 24260
2025-09-12T06:12:36.404311Z 1945890000 1970150 0 24260
2025-09-12T06:12:36.422103Z 1945890000 1970150 0 24260
2025-09-12T06:12:36.440237Z 1945890000 1970150 0 24260
2025-09-12T06:12:36.462760Z 1945890000 1970150 0 24260
2025-09-12T06:12:36.479794Z 1945890000 1970150 0 24260
2025-09-12T06:12:36.499680Z 1945890000 1970150 0 24260
2025-09-12T06:12:36.522509Z 1945890000 1970150 0 24260
2025-09-12T06:12:36.540512Z 1945890000 1970150 0 24260
2025-09-12T06:12:36.554998Z 1945890000 1970150 0 24260
2025-09-12T06:12:36.570265Z 1945890000 1970150 0 24260
2025-09-12T06:12:36.583650Z 1945890000 1970150 0 24260
2025-09-12T06:12:36.598622Z 1945890000 1970150 0 24260
2025-09-12T06:12:36.616997Z 1945890000 1970150 0 24260
2025-09-12T06:12:36.631214Z 1945890000 1970150 0 24260
2025-09-12T06:12:36.646776Z 1945890000 1970150 0 24260
2025-09-12T06:12:36.664514Z 1945890000 1970150 0 24260
2025-09-12T06:12:36.682203Z 1945890000 1970150 0 24260
2025-09-12T06:12:36.703252Z 1945890000 1970150 0 24260
2025-09-12T06:12:36.721062Z 1945890000 1970150 0 24260
2025-09-12T06:12:36.741525Z 1945890000 1970150 0 24260
2025-09-12T06:12:36.757638Z 1945890000 1970150 0 24260
2025-09-12T06:12:36.772614Z 1945890000 1970150 0 24260
2025-09-12T06:12:36.789083Z 1945890000 1970150 0 24260
2025-09-12T06:12:36.808037Z 1945890000 1970150 0 24260
2025-09-12T06:12:36.826599Z 1945890000 1970150 0 24260
2025-09-12T06:12:36.847275Z 1945890000 1970150 0 24260
2025-09-12T06:12:36.870924Z 1945890000 1970150 0 24260
2025-09-12T06:12:36.885475Z 1945890000 1970150 0 24260
2025-09-12T06:12:36.901026Z 1945890000 1970150 0 24260
2025-09-12T06:12:36.917977Z 1945890000 1970150 0 24260
2025-09-12T06:12:36.937126Z 1945890000 1970150 0 24260
2025-09-12T06:12:36.954311Z 1945890000 1970150 0 24260
2025-09-12T06:12:36.971869Z 1945890000 1970150 0 24260
2025-09-12T06:12:36.989423Z 1945890000 1970150 0 24260
2025-09-12T06:12:37.008291Z 1945890000 1970150 0 24260
2025-09-12T06:12:37.026274Z 1945890000 1970150 0 24260
2025-09-12T06:12:37.050168Z 1945890000 1970150 0 24260
2025-09-12T06:12:37.068265Z 1945890000 1970150 0 24260
2025-09-12T06:12:37.085605Z 1945890000 1970150 0 24260
2025-09-12T06:12:37.105269Z 1945890000 1970150 0 24260
2025-09-12T06:12:37.131545Z 1945890000 1970150 0 24260
2025-09-12T06:12:37.148886Z 1945890000 1970150 0 24260
2025-09-12T06:12:37.166763Z 1945890000 1970150 0 24260
2025-09-12T06:12:37.186237Z 1945890000 1970150 0 24260
2025-09-12T06:12:37.201666Z 1945890000 1970150 0 24260
2025-09-12T06:12:37.220695Z 1945890000 1970150 0 24260
2025-09-12T06:12:37.240685Z 1945890000 1970150 0 24260
2025-09-12T06:12:37.265215Z 1945890000 1970150 0 24260
2025-09-12T06:12:37.283264Z 1945890000 1970150 0 24260
2025-09-12T06:12:37.299435Z 1945890000 1970150 0 24260
2025-09-12T06:12:37.318038Z 1945890000 1970150 0 24260
2025-09-12T06:12:37.335953Z 1945890000 1970150 0 24260
2025-09-12T06:12:37.353939Z 1945890000 1970150 0 24260
2025-09-12T06:12:37.380469Z 1945890000 1970150 0 24260
2025-09-12T06:12:37.395511Z 1945890000 1970150 0 24260
2025-09-12T06:12:37.411634Z 1945890000 1970150 0 24260
2025-09-12T06:12:37.429160Z 1945890000 1970150 0 24260
2025-09-12T06:12:37.449008Z 1945890000 1970150 0 24260
2025-09-12T06:12:37.470181Z 1945890000 1970150 0 24260
2025-09-12T06:12:37.489842Z 1945890000 1970150 0 24260
2025-09-12T06:12:37.506499Z 1945890000 1970150 0 24260
2025-09-12T06:12:37.521514Z 1945890000 1970150 0 24260
2025-09-12T06:12:37.541408Z 1945890000 1970150 0 24260
2025-09-12T06:12:37.558797Z 1945890000 1970150 0 24260
2025-09-12T06:12:37.576771Z 1945890000 1970150 0 24260
2025-09-12T06:12:37.596176Z 1945890000 1970150 0 24260
2025-09-12T06:12:37.610457Z 1945890000 1970150 0 24260
2025-09-12T06:12:37.627838Z 1945890000 1970150 0 24260
2025-09-12T06:12:37.642643Z 1945890000 1970150 0 24260
2025-09-12T06:12:37.657012Z 1945890000 1970150 0 24260
2025-09-12T06:12:37.671919Z 1945890000 1970150 0 24260
2025-09-12T06:12:37.692243Z 1945890000 1970150 0 24260
2025-09-12T06:12:37.709143Z 1945890000 1970150 0 24260
2025-09-12T06:12:37.722578Z 1945890000 1970150 0 24260
2025-09-12T06:12:37.740299Z 1945890000 1970150 0 24260
2025-09-12T06:12:37.755224Z 1945890000 1970150 0 24260
2025-09-12T06:12:37.770807Z 1945890000 1970150 0 24260
2025-09-12T06:12:37.790040Z 1945890000 1970150 0 24260
2025-09-12T06:12:37.808884Z 1945890000 1970150 0 24260
2025-09-12T06:12:37.832731Z 1945890000 1970150 0 24260
2025-09-12T06:12:37.846420Z 1945890000 1970150 0 24260
2025-09-12T06:12:37.861259Z 1945890000 1970150 0 24260
2025-09-12T06:12:37.876732Z 1945890000 1970150 0 24260
2025-09-12T06:12:37.895309Z 1945890000 1970150 0 24260
2025-09-12T06:12:37.912512Z 1945890000 1970150 0 24260
2025-09-12T06:12:37.931304Z 1945890000 1970150 0 24260
2025-09-12T06:12:37.950893Z 1945890000 1970150 0 24260
2025-09-12T06:12:37.968019Z 1945890000 1970150 0 24260
2025-09-12T06:12:37.984254Z 1945890000 1970150 0 24260
2025-09-12T06:12:38.000889Z 1945890000 1970150 0 24260
2025-09-12T06:12:38.019884Z 1945890000 1970150 0 24260
2025-09-12T06:12:38.038825Z 1945890000 1970150 0 24260
2025-09-12T06:12:38.062706Z 1945890000 1970150 0 24260
2025-09-12T06:12:38.082522Z 1945890000 1970150 0 24260
2025-09-12T06:12:38.100991Z 1945890000 1970150 0 24260
2025-09-12T06:12:38.116142Z 1945890000 1970150 0 24260
2025-09-12T06:12:38.129890Z 1945890000 1970150 0 24260
2025-09-12T06:12:38.144245Z 1945890000 1970150 0 24260
2025-09-12T06:12:38.163769Z 1945890000 1970150 0 24260
2025-09-12T06:12:38.180079Z 1945890000 1970150 0 24260
2025-09-12T06:12:38.197882Z 1945890000 1970150 0 24260
2025-09-12T06:12:38.214073Z 1945890000 1970150 0 24260
2025-09-12T06:12:38.233330Z 1945890000 1970150 0 24260
2025-09-12T06:12:38.251440Z 1945890000 1970150 0 24260
2025-09-12T06:12:38.271033Z 1945890000 1970150 0 24260
2025-09-12T06:12:38.289146Z 1945890000 1970150 0 24260
2025-09-12T06:12:38.307002Z 1945890000 1970150 0 24260
2025-09-12T06:12:38.326022Z 1945890000 1970150 0 24260
2025-09-12T06:12:38.347829Z 1945890000 1970150 0 24260
2025-09-12T06:12:38.368619Z 1945890000 1970150 0 24260
2025-09-12T06:12:38.388500Z 1945890000 1970150 0 24260
2025-09-12T06:12:38.413332Z 1945890000 1970150 0 24260
2025-09-12T06:12:38.427650Z 1945890000 1970150 0 24260
2025-09-12T06:12:38.442183Z 1945890000 1970150 0 24260
2025-09-12T06:12:38.460894Z 1945890000 1970150 0 24260
2025-09-12T06:12:38.477587Z 1945890000 1970150 0 24260
2025-09-12T06:12:38.493763Z 1945890000 1970150 0 24260
2025-09-12T06:12:38.510030Z 1945890000 1970150 0 24260
2025-09-12T06:12:38.524370Z 1945890000 1970150 0 24260
2025-09-12T06:12:38.542746Z 1945890000 1970150 0 24260
2025-09-12T06:12:38.566751Z 1945890000 1970150 0 24260
2025-09-12T06:12:38.584427Z 1945890000 1970150 0 24260
2025-09-12T06:12:38.603840Z 1945890000 1970150 0 24260
2025-09-12T06:12:38.622718Z 1945890000 1970150 0 24260
2025-09-12T06:12:38.639149Z 1945890000 1970150 0 24260
2025-09-12T06:12:38.657429Z 1945890000 1970150 0 24260
2025-09-12T06:12:38.674401Z 1945890000 1970150 0 24260
2025-09-12T06:12:38.688958Z 1945890000 1970150 0 24260
2025-09-12T06:12:38.703969Z 1945890000 1970150 0 24260
2025-09-12T06:12:38.722717Z 1945890000 1970150 0 24260
2025-09-12T06:12:38.742994Z 1945890000 1970150 0 24260
2025-09-12T06:12:38.757212Z 1945890000 1970150 0 24260
2025-09-12T06:12:38.774642Z 1945890000 1970150 0 24260
2025-09-12T06:12:38.795738Z 1945890000 1970150 0 24260
2025-09-12T06:12:38.813321Z 1945890000 1970150 0 24260
2025-09-12T06:12:38.832987Z 1945890000 1970150 0 24260
2025-09-12T06:12:38.850384Z 1945890000 1970150 0 24260
2025-09-12T06:12:38.865576Z 1945890000 1970150 0 24260
2025-09-12T06:12:38.884188Z 1945890000 1970150 0 24260
2025-09-12T06:12:38.899569Z 1945890000 1970150 0 24260
2025-09-12T06:12:38.918972Z 1945890000 1970150 0 24260
2025-09-12T06:12:38.936912Z 1945890000 1970150 0 24260
2025-09-12T06:12:38.951626Z 1945890000 1970150 0 24260
2025-09-12T06:12:38.969319Z 1945890000 1970150 0 24260
2025-09-12T06:12:38.987052Z 1945890000 1970150 0 24260
2025-09-12T06:12:39.008411Z 1945890000 1970150 0 24260
2025-09-12T06:12:39.028482Z 1945890000 1970150 0 24260
2025-09-12T06:12:39.045238Z 1945890000 1970150 0 24260
2025-09-12T06:12:39.061570Z 1945890000 1970150 0 24260
2025-09-12T06:12:39.076620Z 1945890000 1970150 0 24260
2025-09-12T06:12:39.091472Z 1945890000 1970150 0 24260
2025-09-12T06:12:39.107132Z 1945890000 1970150 0 24260
2025-09-12T06:12:39.126113Z 1945890000 1970150 0 24260
2025-09-12T06:12:39.143426Z 1945890000 1970150 0 24260
2025-09-12T06:12:39.171701Z 1945890000 1970150 0 24260
2025-09-12T06:12:39.189076Z 1945890000 1970150 0 24260
2025-09-12T06:12:39.206387Z 1945890000 1970150 0 24260
2025-09-12T06:12:39.223764Z 1945890000 1970150 0 24260
2025-09-12T06:12:39.243679Z 1945890000 1970150 0 24260
2025-09-12T06:12:39.260208Z 1945890000 1970150 0 24260
2025-09-12T06:12:39.282568Z 1945890000 1970150 0 24260
2025-09-12T06:12:39.297677Z 1945890000 1970150 0 24260
2025-09-12T06:12:39.315791Z 1945890000 1970150 0 24260
2025-09-12T06:12:39.330218Z 1945890000 1970150 0 24260
2025-09-12T06:12:39.345623Z 1945890000 1970150 0 24260
2025-09-12T06:12:39.361460Z 1945890000 1970150 0 24260
2025-09-12T06:12:39.382741Z 1945890000 1970150 0 24260
2025-09-12T06:12:39.403536Z 1945890000 1970150 0 24260
2025-09-12T06:12:39.421456Z 1945890000 1970150 0 24260
2025-09-12T06:12:39.435843Z 1945890000 1970150 0 24260
2025-09-12T06:12:39.449483Z 1945890000 1970150 0 24260
2025-09-12T06:12:39.463838Z 1945890000 1970150 0 24260
2025-09-12T06:12:39.478673Z 1945890000 1970150 0 24260
2025-09-12T06:12:39.497714Z 1945890000 1970150 0 24260
2025-09-12T06:12:39.515609Z 1945890000 1970150 0 24260
2025-09-12T06:12:39.533554Z 1945890000 1970150 0 24260
2025-09-12T06:12:39.551413Z 1945890000 1970150 0 24260
2025-09-12T06:12:39.566834Z 1945890000 1970150 0 24260
2025-09-12T06:12:39.582152Z 1945890000 1970150 0 24260
2025-09-12T06:12:39.598205Z 1945890000 1970150 0 24260
2025-09-12T06:12:39.617842Z 1945890000 1970150 0 24260
2025-09-12T06:12:39.636662Z 1945890000 1970150 0 24260
2025-09-12T06:12:39.654897Z 1945890000 1970150 0 24260
2025-09-12T06:12:39.673922Z 1945890000 1970150 0 24260
2025-09-12T06:12:39.690555Z 1945890000 1970150 0 24260
2025-09-12T06:12:39.705633Z 1945890000 1970150 0 24260
2025-09-12T06:12:39.721673Z 1945890000 1970150 0 24260
2025-09-12T06:12:39.740366Z 1945890000 1970150 0 24260
2025-09-12T06:12:39.757763Z 1945890000 1970150 0 24260
2025-09-12T06:12:39.775242Z 1945890000 1970150 0 24260
2025-09-12T06:12:39.792205Z 1945890000 1970150 0 24260
2025-09-12T06:12:39.806674Z 1945890000 1970150 0 24260
2025-09-12T06:12:39.821193Z 1945890000 1970150 0 24260
2025-09-12T06:12:39.838106Z 1945890000 1970150 0 24260
2025-09-12T06:12:39.862907Z 1945890000 1970150 0 24260
2025-09-12T06:12:39.884758Z 1945890000 1970150 0 24260
2025-09-12T06:12:39.903643Z 1945890000 1970150 0 24260
2025-09-12T06:12:39.925849Z 1945890000 1970150 0 24260
2025-09-12T06:12:39.945819Z 1945890000 1970150 0 24260
2025-09-12T06:12:39.962186Z 1945890000 1970150 0 24260
2025-09-12T06:12:39.980505Z 1945890000 1970150 0 24260
2025-09-12T06:12:39.999331Z 1945890000 1970150 0 24260
2025-09-12T06:12:40.018744Z 1945890000 1970150 0 24260
2025-09-12T06:12:40.036587Z 1945890000 1970150 0 24260
2025-09-12T06:12:40.054170Z 1945890000 1970150 0 24260
2025-09-12T06:12:40.072405Z 1945890000 1970150 0 24260
2025-09-12T06:12:40.087322Z 1945890000 1970150 0 24260
2025-09-12T06:12:40.101841Z 1945890000 1970150 0 24260
2025-09-12T06:12:40.119033Z 1945890000 1970150 0 24260
2025-09-12T06:12:40.134760Z 1945890000 1970150 0 24260
2025-09-12T06:12:40.152684Z 1945890000 1970150 0 24260
2025-09-12T06:12:40.181935Z 1945890000 1970150 0 24260
2025-09-12T06:12:40.201010Z 1945890000 1970150 0 24260
2025-09-12T06:12:40.216134Z 1945890000 1970150 0 24260
2025-09-12T06:12:40.231817Z 1945890000 1970150 0 24260
2025-09-12T06:12:40.246790Z 1945890000 1970150 0 24260
2025-09-12T06:12:40.261238Z 1945890000 1970150 0 24260
2025-09-12T06:12:40.280919Z 1945890000 1970150 0 24260
2025-09-12T06:12:40.300004Z 1945890000 1970150 0 24260
2025-09-12T06:12:40.320327Z 1945890000 1970150 0 24260
2025-09-12T06:12:40.340217Z 1945890000 1970150 0 24260
2025-09-12T06:12:40.357771Z 1945890000 1970150 0 24260
2025-09-12T06:12:40.371817Z 1945890000 1970150 0 24260
2025-09-12T06:12:40.387463Z 1945890000 1970150 0 24260
2025-09-12T06:12:40.402650Z 1945890000 1970150 0 24260
2025-09-12T06:12:40.421760Z 1945890000 1970150 0 24260
2025-09-12T06:12:40.438106Z 1945890000 1970150 0 24260
2025-09-12T06:12:40.454368Z 1945890000 1970150 0 24260
2025-09-12T06:12:40.471144Z 1945890000 1970150 0 24260
2025-09-12T06:12:40.486844Z 1945890000 1970150 0 24260
2025-09-12T06:12:40.504520Z 1945890000 1970150 0 24260
2025-09-12T06:12:40.520514Z 1945890000 1970150 0 24260
2025-09-12T06:12:40.536904Z 1945890000 1970150 0 24260
2025-09-12T06:12:40.553746Z 1945890000 1970150 0 24260
2025-09-12T06:12:40.569021Z 1945890000 1970150 0 24260
2025-09-12T06:12:40.584091Z 1945890000 1970150 0 24260
2025-09-12T06:12:40.605565Z 1945890000 1970150 0 24260
2025-09-12T06:12:40.621962Z 1945890000 1970150 0 24260
2025-09-12T06:12:40.646032Z 1945890000 1970150 0 24260
2025-09-12T06:12:40.661454Z 1945890000 1970150 0 24260
2025-09-12T06:12:40.676964Z 1945890000 1970150 0 24260
2025-09-12T06:12:40.696476Z 1945890000 1970150 0 24260
2025-09-12T06:12:40.715467Z 1945890000 1970150 0 24260
2025-09-12T06:12:40.735340Z 1945890000 1970150 0 24260
2025-09-12T06:12:40.753590Z 1945890000 1970150 0 24260
2025-09-12T06:12:40.772650Z 1945890000 1970150 0 24260
2025-09-12T06:12:40.786652Z 1945890000 1970150 0 24260
2025-09-12T06:12:40.804214Z 1945890000 1970150 0 24260
2025-09-12T06:12:40.823289Z 1945890000 1970150 0 24260
2025-09-12T06:12:40.842173Z 1945890000 1970150 0 24260
2025-09-12T06:12:40.862230Z 1945890000 1970150 0 24260
2025-09-12T06:12:40.878424Z 1945890000 1970150 0 24260
2025-09-12T06:12:40.902475Z 1945890000 1970150 0 24260
2025-09-12T06:12:40.920100Z 1945890000 1970150 0 24260
2025-09-12T06:12:40.939010Z 1945890000 1970150 0 24260
2025-09-12T06:12:40.955169Z 1945890000 1970150 0 24260
2025-09-12T06:12:40.981454Z 1945890000 1970150 0 24260
2025-09-12T06:12:40.998349Z 1945890000 1970150 0 24260
2025-09-12T06:12:41.014300Z 1945890000 1970150 0 24260
2025-09-12T06:12:41.030403Z 1945890000 1970150 0 24260
2025-09-12T06:12:41.049599Z 1945890000 1970150 0 24260
2025-09-12T06:12:41.069623Z 1945890000 1970150 0 24260
2025-09-12T06:12:41.084600Z 1945890000 1970150 0 24260
2025-09-12T06:12:41.099013Z 1945890000 1970150 0 24260
2025-09-12T06:12:41.114229Z 1945890000 1970150 0 24260
2025-09-12T06:12:41.132153Z 1945890000 1970150 0 24260
2025-09-12T06:12:41.149275Z 1945890000 1970150 0 24260
2025-09-12T06:12:41.173952Z 1945890000 1970150 0 24260
2025-09-12T06:12:41.191232Z 1945890000 1970150 0 24260
2025-09-12T06:12:41.212286Z 1945890000 1970150 0 24260
2025-09-12T06:12:41.229635Z 1945890000 1970150 0 24260
2025-09-12T06:12:41.245610Z 1945890000 1970150 0 24260
2025-09-12T06:12:41.260498Z 1945890000 1970150 0 24260
2025-09-12T06:12:41.274631Z 1945890000 1970150 0 24260
2025-09-12T06:12:41.293025Z 1945890000 1970150 0 24260
2025-09-12T06:12:41.315678Z 1945890000 1970150 0 24260
2025-09-12T06:12:41.333755Z 1945890000 1970150 0 24260
2025-09-12T06:12:41.355661Z 1945890000 1970150 0 24260
2025-09-12T06:12:41.374355Z 1945890000 1970150 0 24260
2025-09-12T06:12:41.390416Z 1945890000 1970150 0 24260
2025-09-12T06:12:41.406053Z 1945890000 1970150 0 24260
2025-09-12T06:12:41.420210Z 1945890000 1970150 0 24260
2025-09-12T06:12:41.433931Z 1945890000 1970150 0 24260
2025-09-12T06:12:41.449916Z 1945890000 1970150 0 24260
2025-09-12T06:12:41.466226Z 1945890000 1970150 0 24260
2025-09-12T06:12:41.483233Z 1945890000 1970150 0 24260
2025-09-12T06:12:41.500853Z 1945890000 1970150 0 24260
2025-09-12T06:12:41.516545Z 1945890000 1970150 0 24260
2025-09-12T06:12:41.534165Z 1945890000 1970150 0 24260
2025-09-12T06:12:41.553258Z 1945890000 1970150 0 24260
2025-09-12T06:12:41.570582Z 1945890000 1970150 0 24260
2025-09-12T06:12:41.585222Z 1945890000 1970150 0 24260
2025-09-12T06:12:41.600636Z 1945890000 1970150 0 24260
2025-09-12T06:12:41.617262Z 1945890000 1970150 0 24260
2025-09-12T06:12:41.632850Z 1945890000 1970150 0 24260
2025-09-12T06:12:41.656863Z 1945890000 1970150 0 24260
2025-09-12T06:12:41.683672Z 1945890000 1970150 0 24260
2025-09-12T06:12:41.698217Z 1945890000 1970150 0 24260
2025-09-12T06:12:41.717004Z 1945890000 1970150 0 24260
2025-09-12T06:12:41.734777Z 1945890000 1970150 0 24260
2025-09-12T06:12:41.753433Z 1945890000 1970150 0 24260
2025-09-12T06:12:41.772303Z 1945890000 1970150 0 24260
2025-09-12T06:12:41.790154Z 1945890000 1970150 0 24260
2025-09-12T06:12:41.804653Z 1945890000 1970150 0 24260
2025-09-12T06:12:41.822783Z 1945890000 1970150 0 24260
2025-09-12T06:12:41.840034Z 1945890000 1970150 0 24260
2025-09-12T06:12:41.858869Z 1945890000 1970150 0 24260
2025-09-12T06:12:41.874399Z 1945890000 1970150 0 24260
2025-09-12T06:12:41.888937Z 1945890000 1970150 0 24260
2025-09-12T06:12:41.906403Z 1945890000 1970150 0 24260
2025-09-12T06:12:41.923720Z 1945890000 1970150 0 24260
2025-09-12T06:12:41.940295Z 1945890000 1970150 0 24260
2025-09-12T06:12:41.959758Z 1945890000 1970150 0 24260
2025-09-12T06:12:41.981349Z 1945890000 1970150 0 24260
2025-09-12T06:12:41.998682Z 1945890000 1970150 0 24260
2025-09-12T06:12:42.013784Z 1945890000 1970150 0 24260
2025-09-12T06:12:42.030698Z 1945890000 1970150 0 24260
2025-09-12T06:12:42.045534Z 1945890000 1970150 0 24260
2025-09-12T06:12:42.062411Z 1945890000 1970150 0 24260
2025-09-12T06:12:42.076442Z 1945890000 1970150 0 24260
2025-09-12T06:12:42.092042Z 1945890000 1970150 0 24260
2025-09-12T06:12:42.106550Z 1945890000 1970150 0 24260
2025-09-12T06:12:42.120929Z 1945890000 1970150 0 24260
2025-09-12T06:12:42.136867Z 1945890000 1970150 0 24260
2025-09-12T06:12:42.154619Z 1945890000 1970150 0 24260
2025-09-12T06:12:42.170199Z 1945890000 1970150 0 24260
2025-09-12T06:12:42.186060Z 1945890000 1970150 0 24260
2025-09-12T06:12:42.200300Z 1945890000 1970150 0 24260
2025-09-12T06:12:42.218769Z 1945890000 1970150 0 24260
2025-09-12T06:12:42.237299Z 1945890000 1970150 0 24260
2025-09-12T06:12:42.253903Z 1945890000 1970150 0 24260
2025-09-12T06:12:42.269280Z 1945890000 1970150 0 24260
2025-09-12T06:12:42.286890Z 1945890000 1970150 0 24260
2025-09-12T06:12:42.303191Z 1945890000 1970150 0 24260
2025-09-12T06:12:42.320583Z 1945890000 1970150 0 24260
2025-09-12T06:12:42.339046Z 1945890000 1970150 0 24260
2025-09-12T06:12:42.353880Z 1945890000 1970150 0 24260
2025-09-12T06:12:42.368872Z 1945890000 1970150 0 24260
2025-09-12T06:12:42.397495Z 1945890000 1970150 0 24260
2025-09-12T06:12:42.411964Z 1945890000 1970150 0 24260
2025-09-12T06:12:42.428480Z 1945890000 1970150 0 24260
2025-09-12T06:12:42.443306Z 1945890000 1970150 0 24260
2025-09-12T06:12:42.458613Z 1945890000 1970150 0 24260
2025-09-12T06:12:42.473153Z 1945890000 1970150 0 24260
2025-09-12T06:12:42.488358Z 1945890000 1970150 0 24260
2025-09-12T06:12:42.502528Z 1945890000 1970150 0 24260
2025-09-12T06:12:42.519265Z 1945890000 1970150 0 24260
2025-09-12T06:12:42.534226Z 1945890000 1970150 0 24260
2025-09-12T06:12:42.551064Z 1945890000 1970150 0 24260
2025-09-12T06:12:42.566696Z 1945890000 1970150 0 24260
2025-09-12T06:12:42.581328Z 1945890000 1970150 0 24260
2025-09-12T06:12:42.595768Z 1945890000 1970150 0 24260
2025-09-12T06:12:42.610651Z 1945890000 1970150 0 24260
2025-09-12T06:12:42.627693Z 1945890000 1970150 0 24260
2025-09-12T06:12:42.642674Z 1945890000 1970150 0 24260
2025-09-12T06:12:42.658148Z 1945890000 1970150 0 24260
2025-09-12T06:12:42.672853Z 1945890000 1970150 0 24260
2025-09-12T06:12:42.686337Z 1945890000 1970150 0 24260
2025-09-12T06:12:42.701782Z 1945890000 1970150 0 24260
2025-09-12T06:12:42.717069Z 1945890000 1970150 0 24260
2025-09-12T06:12:42.736165Z 1945890000 1970150 0 24260
2025-09-12T06:12:42.754203Z 1945890000 1970150 0 24260
2025-09-12T06:12:42.773976Z 1945890000 1970150 0 24260
2025-09-12T06:12:42.791183Z 1945890000 1970150 0 24260
2025-09-12T06:12:42.808558Z 1945890000 1970150 0 24260
2025-09-12T06:12:42.828232Z 1945890000 1970150 0 24260
2025-09-12T06:12:42.843933Z 1945890000 1970150 0 24260
2025-09-12T06:12:42.865831Z 1945890000 1970150 0 24260
2025-09-12T06:12:42.883225Z 1945890000 1970150 0 24260
2025-09-12T06:12:42.897700Z 1945890000 1970150 0 24260
2025-09-12T06:12:42.914667Z 1945890000 1970150 0 24260
2025-09-12T06:12:42.934720Z 1945890000 1970150 0 24260
2025-09-12T06:12:42.953253Z 1945890000 1970150 0 24260
2025-09-12T06:12:42.968467Z 1945890000 1970150 0 24260
2025-09-12T06:12:42.990022Z 1945890000 1970150 0 24260
2025-09-12T06:12:43.004958Z 1945890000 1970150 0 24260
2025-09-12T06:12:43.019906Z 1945890000 1970150 0 24260
2025-09-12T06:12:43.035850Z 1945890000 1970150 0 24260
2025-09-12T06:12:43.054263Z 1945890000 1970150 0 24260
2025-09-12T06:12:43.072135Z 1945890000 1970150 0 24260
2025-09-12T06:12:43.088276Z 1945890000 1970150 0 24260
2025-09-12T06:12:43.104044Z 1945890000 1970150 0 24260
2025-09-12T06:12:43.118300Z 1945890000 1970150 0 24260
2025-09-12T06:12:43.138019Z 1945890000 1970150 0 24260
2025-09-12T06:12:43.158133Z 1945890000 1970150 0 24260
2025-09-12T06:12:43.182844Z 1945890000 1970150 0 24260
2025-09-12T06:12:43.200202Z 1945890000 1970150 0 24260
2025-09-12T06:12:43.215285Z 1945890000 1970150 0 24260
2025-09-12T06:12:43.229554Z 1945890000 1970150 0 24260
2025-09-12T06:12:43.244217Z 1945890000 1970150 0 24260
2025-09-12T06:12:43.259864Z 1945890000 1970150 0 24260
2025-09-12T06:12:43.278484Z 1945890000 1970150 0 24260
2025-09-12T06:12:43.291864Z 1945890000 1970150 0 24260
2025-09-12T06:12:43.308038Z 1945890000 1970150 0 24260
2025-09-12T06:12:43.323851Z 1945890000 1970150 0 24260
2025-09-12T06:12:43.338154Z 1945890000 1970150 0 24260
2025-09-12T06:12:43.353824Z 1945890000 1970150 0 24260
2025-09-12T06:12:43.369317Z 1945890000 1970150 0 24260
2025-09-12T06:12:43.384248Z 1945890000 1970150 0 24260
2025-09-12T06:12:43.400397Z 1945890000 1970150 0 24260
2025-09-12T06:12:43.420950Z 1945890000 1970150 0 24260
2025-09-12T06:12:43.436281Z 1945890000 1970150 0 24260
2025-09-12T06:12:43.452435Z 1945890000 1970150 0 24260
2025-09-12T06:12:43.469216Z 1945890000 1970150 0 24260
2025-09-12T06:12:43.485023Z 1945890000 1970150 0 24260
2025-09-12T06:12:43.503741Z 1945890000 1970150 0 24260
2025-09-12T06:12:43.518684Z 1945890000 1970150 0 24260
2025-09-12T06:12:43.535472Z 1945890000 1970150 0 24260
2025-09-12T06:12:43.550163Z 1945890000 1970150 0 24260
2025-09-12T06:12:43.567104Z 1945890000 1970150 0 24260
2025-09-12T06:12:43.585886Z 1945890000 1970150 0 24260
2025-09-12T06:12:43.605626Z 1945890000 1970150 0 24260
2025-09-12T06:12:43.620826Z 1945890000 1970150 0 24260
2025-09-12T06:12:43.635407Z 1945890000 1970150 0 24260
2025-09-12T06:12:43.654343Z 1945890000 1970150 0 24260
2025-09-12T06:12:43.670628Z 1945890000 1970150 0 24260
2025-09-12T06:12:43.688772Z 1945890000 1970150 0 24260
2025-09-12T06:12:43.712039Z 1945890000 1970150 0 24260
2025-09-12T06:12:43.737948Z 1945890000 1970150 0 24260
2025-09-12T06:12:43.753650Z 1945890000 1970150 0 24260
2025-09-12T06:12:43.767617Z 1945890000 1970150 0 24260
2025-09-12T06:12:43.786319Z 1945890000 1970150 0 24260
2025-09-12T06:12:43.802729Z 1945890000 1970150 0 24260
2025-09-12T06:12:43.823424Z 1945890000 1970150 0 24260
2025-09-12T06:12:43.850520Z 1945890000 1970150 0 24260
2025-09-12T06:12:43.870844Z 1945890000 1970150 0 24260
2025-09-12T06:12:43.892595Z 1945890000 1970150 0 24260
2025-09-12T06:12:43.908508Z 1945890000 1970150 0 24260
2025-09-12T06:12:43.925439Z 1945890000 1970150 0 24260
2025-09-12T06:12:43.939767Z 1945890000 1970150 0 24260
2025-09-12T06:12:43.953796Z 1945890000 1970150 0 24260
2025-09-12T06:12:43.969725Z 1945890000 1970150 0 24260
2025-09-12T06:12:43.987105Z 1945890000 1970150 0 24260
2025-09-12T06:12:44.001867Z 1945890000 1970150 0 24260
2025-09-12T06:12:44.018411Z 1945890000 1970150 0 24260
2025-09-12T06:12:44.032539Z 1945890000 1970150 0 24260
2025-09-12T06:12:44.050254Z 1945890000 1970150 0 24260
2025-09-12T06:12:44.064436Z 1945890000 1970150 0 24260
2025-09-12T06:12:44.077807Z 1945890000 1970150 0 24260
2025-09-12T06:12:44.094413Z 1945890000 1970150 0 24260
2025-09-12T06:12:44.113511Z 1945890000 1970150 0 24260
2025-09-12T06:12:44.127933Z 1945890000 1970150 0 24260
2025-09-12T06:12:44.142153Z 1945890000 1970150 0 24260
2025-09-12T06:12:44.157535Z 1945890000 1970150 0 24260
2025-09-12T06:12:44.173972Z 1945890000 1970150 0 24260
2025-09-12T06:12:44.189826Z 1945890000 1970150 0 24260
2025-09-12T06:12:44.204991Z 1945890000 1970150 0 24260
2025-09-12T06:12:44.220948Z 1945890000 1970150 0 24260
2025-09-12T06:12:44.238790Z 1945890000 1970150 0 24260
2025-09-12T06:12:44.253825Z 1945890000 1970150 0 24260
2025-09-12T06:12:44.271618Z 1945890000 1970150 0 24260
2025-09-12T06:12:44.287756Z 1945890000 1970150 0 24260
2025-09-12T06:12:44.303227Z 1945890000 1970150 0 24260
2025-09-12T06:12:44.318924Z 1945890000 1970150 0 24260
2025-09-12T06:12:44.333087Z 1945890000 1970150 0 24260
2025-09-12T06:12:44.349411Z 1945890000 1970150 0 24260
2025-09-12T06:12:44.363629Z 1945890000 1970150 0 24260
2025-09-12T06:12:44.379845Z 1945890000 1970150 0 24260
2025-09-12T06:12:44.395995Z 1945890000 1970150 0 24260
2025-09-12T06:12:44.410898Z 1945890000 1970150 0 24260
2025-09-12T06:12:44.425184Z 1945890000 1970150 0 24260
2025-09-12T06:12:44.442710Z 1945890000 1970150 0 24260
2025-09-12T06:12:44.458819Z 1945890000 1970150 0 24260
2025-09-12T06:12:44.475594Z 1945890000 1970150 0 24260
2025-09-12T06:12:44.491110Z 1945890000 1970150 0 24260
2025-09-12T06:12:44.506724Z 1945890000 1970150 0 24260
2025-09-12T06:12:44.522032Z 1945890000 1970150 0 24260
2025-09-12T06:12:44.539650Z 1945890000 1970150 0 24260
2025-09-12T06:12:44.559319Z 1945890000 1970150 0 24260
2025-09-12T06:12:44.573249Z 1945890000 1970150 0 24260
2025-09-12T06:12:44.588218Z 1945890000 1970150 0 24260
2025-09-12T06:12:44.605117Z 1945890000 1970150 0 24260
2025-09-12T06:12:44.621411Z 1945890000 1970150 0 24260
2025-09-12T06:12:44.637734Z 1945890000 1970150 0 24260
2025-09-12T06:12:44.652323Z 1945890000 1970150 0 24260
2025-09-12T06:12:44.668534Z 1945890000 1970150 0 24260
2025-09-12T06:12:44.683775Z 1945890000 1970150 0 24260
2025-09-12T06:12:44.702564Z 1945890000 1970150 0 24260
2025-09-12T06:12:44.716296Z 1945890000 1970150 0 24260
2025-09-12T06:12:44.730643Z 1945890000 1970150 0 24260
2025-09-12T06:12:44.745379Z 1945890000 1970150 0 24260
2025-09-12T06:12:44.765362Z 1945890000 1970150 0 24260
2025-09-12T06:12:44.780486Z 1945890000 1970150 0 24260
2025-09-12T06:12:44.795309Z 1945890000 1970150 0 24260
2025-09-12T06:12:44.825723Z 1945890000 1970150 0 24260
2025-09-12T06:12:44.843612Z 1945890000 1970150 0 24260
2025-09-12T06:12:44.859599Z 1945890000 1970150 0 24260
2025-09-12T06:12:44.874297Z 1945890000 1970150 0 24260
2025-09-12T06:12:44.889516Z 1945890000 1970150 0 24260
2025-09-12T06:12:44.903635Z 1945890000 1970150 0 24260
2025-09-12T06:12:44.920933Z 1945890000 1970150 0 24260
2025-09-12T06:12:44.936109Z 1945890000 1970150 0 24260
2025-09-12T06:12:44.950084Z 1945890000 1970150 0 24260
2025-09-12T06:12:44.965275Z 1945890000 1970150 0 24260
2025-09-12T06:12:44.980495Z 1945890000 1970150 0 24260
2025-09-12T06:12:45.000306Z 1945890000 1970150 0 24260
2025-09-12T06:12:45.016561Z 1945890000 1970150 0 24260
2025-09-12T06:12:45.031699Z 1945890000 1970150 0 24260
2025-09-12T06:12:45.056506Z 1945890000 1970150 0 24260
2025-09-12T06:12:45.072345Z 1945890000 1970150 0 24260
2025-09-12T06:12:45.091896Z 1945890000 1970150 0 24260
2025-09-12T06:12:45.107158Z 1945890000 1970150 0 24260
2025-09-12T06:12:45.121295Z 1945890000 1970150 0 24260
2025-09-12T06:12:45.135320Z 1945890000 1970150 0 24260
2025-09-12T06:12:45.151408Z 1945890000 1970150 0 24260
2025-09-12T06:12:45.166924Z 1945890000 1970150 0 24260
2025-09-12T06:12:45.181049Z 1945890000 1970150 0 24260
2025-09-12T06:12:45.197019Z 1945890000 1970150 0 24260
2025-09-12T06:12:45.211611Z 1945890000 1970150 0 24260
2025-09-12T06:12:45.226586Z 1945890000 1970150 0 24260
2025-09-12T06:12:45.242634Z 1945890000 1970150 0 24260
2025-09-12T06:12:45.259182Z 1945890000 1970150 0 24260
2025-09-12T06:12:45.275256Z 1945890000 1970150 0 24260
2025-09-12T06:12:45.294046Z 1945890000 1970150 0 24260
2025-09-12T06:12:45.309557Z 1945890000 1970150 0 24260
2025-09-12T06:12:45.326896Z 1945890000 1970150 0 24260
2025-09-12T06:12:45.343950Z 1945890000 1970150 0 24260
2025-09-12T06:12:45.358403Z 1945890000 1970150 0 24260
2025-09-12T06:12:45.375934Z 1945890000 1970150 0 24260
2025-09-12T06:12:45.392084Z 1945890000 1970150 0 24260
2025-09-12T06:12:45.409518Z 1945890000 1970150 0 24260
2025-09-12T06:12:45.424610Z 1945890000 1970150 0 24260
2025-09-12T06:12:45.440264Z 1945890000 1970150 0 24260
2025-09-12T06:12:45.456533Z 1945890000 1970150 0 24260
2025-09-12T06:12:45.470781Z 1945890000 1970150 0 24260
2025-09-12T06:12:45.487040Z 1945890000 1970150 0 24260
2025-09-12T06:12:45.502208Z 1945890000 1970150 0 24260
2025-09-12T06:12:45.518706Z 1945890000 1970150 0 24260
2025-09-12T06:12:45.535040Z 1945890000 1970150 0 24260
2025-09-12T06:12:45.550252Z 1945890000 1970150 0 24260
2025-09-12T06:12:45.565733Z 1945890000 1970150 0 24260
2025-09-12T06:12:45.580834Z 1945890000 1970150 0 24260
2025-09-12T06:12:45.596000Z 1945890000 1970150 0 24260
2025-09-12T06:12:45.611394Z 1945890000 1970150 0 24260
2025-09-12T06:12:45.626084Z 1945890000 1970150 0 24260
2025-09-12T06:12:45.641150Z 1945890000 1970150 0 24260
2025-09-12T06:12:45.656009Z 1945890000 1970150 0 24260
2025-09-12T06:12:45.672802Z 1945890000 1970150 0 24260
2025-09-12T06:12:45.687217Z 1945890000 1970150 0 24260
2025-09-12T06:12:45.702981Z 1945890000 1970150 0 24260
2025-09-12T06:12:45.720337Z 1945890000 1970150 0 24260
2025-09-12T06:12:45.735482Z 1945890000 1970150 0 24260
2025-09-12T06:12:45.756823Z 1945890000 1970150 0 24260
2025-09-12T06:12:45.774285Z 1945890000 1970150 0 24260
2025-09-12T06:12:45.789115Z 1945890000 1970150 0 24260
2025-09-12T06:12:45.804892Z 1945890000 1970150 0 24260
2025-09-12T06:12:45.822657Z 1945890000 1970150 0 24260
2025-09-12T06:12:45.838400Z 1945890000 1970150 0 24260
2025-09-12T06:12:45.853782Z 1945890000 1970150 0 24260
2025-09-12T06:12:45.869123Z 1945890000 1970150 0 24260
2025-09-12T06:12:45.887914Z 1945890000 1970150 0 24260
2025-09-12T06:12:45.908452Z 1945890000 1970150 0 24260
2025-09-12T06:12:45.924609Z 1945890000 1970150 0 24260
2025-09-12T06:12:45.939409Z 1945890000 1970150 0 24260
2025-09-12T06:12:45.954748Z 1945890000 1970150 0 24260
2025-09-12T06:12:45.968551Z 1945890000 1970150 0 24260
2025-09-12T06:12:45.983855Z 1945890000 1970150 0 24260
2025-09-12T06:12:46.002714Z 1945890000 1970150 0 24260
2025-09-12T06:12:46.018231Z 1945890000 1970150 0 24260
2025-09-12T06:12:46.039801Z 1945890000 1970150 0 24260
2025-09-12T06:12:46.058871Z 1945890000 1970150 0 24260
2025-09-12T06:12:46.073798Z 1945890000 1970150 0 24260
2025-09-12T06:12:46.094579Z 1945890000 1970150 0 24260
2025-09-12T06:12:46.114806Z 1945890000 1970150 0 24260
2025-09-12T06:12:46.130999Z 1945890000 1970150 0 24260
2025-09-12T06:12:46.145456Z 1945890000 1970150 0 24260
2025-09-12T06:12:46.163763Z 1945890000 1970150 0 24260
2025-09-12T06:12:46.182503Z 1945890000 1970150 0 24260
2025-09-12T06:12:46.198048Z 1945890000 1970150 0 24260
2025-09-12T06:12:46.212521Z 1945890000 1970150 0 24260
2025-09-12T06:12:46.228441Z 1945890000 1970150 0 24260
2025-09-12T06:12:46.242784Z 1945890000 1970150 0 24260
2025-09-12T06:12:46.258601Z 1945890000 1970150 0 24260
2025-09-12T06:12:46.273194Z 1945890000 1970150 0 24260
2025-09-12T06:12:46.287230Z 1945890000 1970150 0 24260
2025-09-12T06:12:46.303471Z 1945890000 1970150 0 24260
2025-09-12T06:12:46.328599Z 1945890000 1970150 0 24260
2025-09-12T06:12:46.345111Z 1945890000 1970150 0 24260
2025-09-12T06:12:46.361929Z 1945890000 1970150 0 24260
2025-09-12T06:12:46.377993Z 1945890000 1970150 0 24260
2025-09-12T06:12:46.394001Z 1945890000 1970150 0 24260
2025-09-12T06:12:46.410194Z 1945890000 1970150 0 24260
2025-09-12T06:12:46.427191Z 1945890000 1970150 0 24260
2025-09-12T06:12:46.442185Z 1945890000 1970150 0 24260
2025-09-12T06:12:46.458270Z 1945890000 1970150 0 24260
2025-09-12T06:12:46.477255Z 1945890000 1970150 0 24260
2025-09-12T06:12:46.493283Z 1945890000 1970150 0 24260
2025-09-12T06:12:46.508468Z 1945890000 1970150 0 24260
2025-09-12T06:12:46.522813Z 1945890000 1970150 0 24260
2025-09-12T06:12:46.538985Z 1945890000 1970150 0 24260
2025-09-12T06:12:46.554040Z 1945890000 1970150 0 24260
2025-09-12T06:12:46.568934Z 1945890000 1970150 0 24260
2025-09-12T06:12:46.585334Z 1945890000 1970150 0 24260
2025-09-12T06:12:46.612071Z 1945890000 1970150 0 24260
2025-09-12T06:12:46.631379Z 1945890000 1970150 0 24260
2025-09-12T06:12:46.655027Z 1945890000 1970150 0 24260
2025-09-12T06:12:46.673927Z 1945890000 1970150 0 24260
2025-09-12T06:12:46.689490Z 1945890000 1970150 0 24260
2025-09-12T06:12:46.704258Z 1945890000 1970150 0 24260
2025-09-12T06:12:46.722814Z 1945890000 1970150 0 24260
2025-09-12T06:12:46.740733Z 1945890000 1970150 0 24260
2025-09-12T06:12:46.765446Z 1945890000 1970150 0 24260
2025-09-12T06:12:46.784487Z 1945890000 1970150 0 24260
2025-09-12T06:12:46.802568Z 1945890000 1970150 0 24260
2025-09-12T06:12:46.823894Z 1945890000 1970150 0 24260
2025-09-12T06:12:46.843650Z 1945890000 1970150 0 24260
2025-09-12T06:12:46.857301Z 1945890000 1970150 0 24260
2025-09-12T06:12:46.872946Z 1945890000 1970150 0 24260
2025-09-12T06:12:46.894274Z 1945890000 1970150 0 24260
2025-09-12T06:12:46.911566Z 1945890000 1970150 0 24260
2025-09-12T06:12:46.931420Z 1945890000 1970150 0 24260
2025-09-12T06:12:46.957361Z 1945890000 1970150 0 24260
2025-09-12T06:12:46.974337Z 1945890000 1970150 0 24260
2025-09-12T06:12:46.994445Z 1945890000 1970150 0 24260
2025-09-12T06:12:47.014603Z 1945890000 1970150 0 24260
2025-09-12T06:12:47.037821Z 1945890000 1970150 0 24260
2025-09-12T06:12:47.057016Z 1945890000 1970150 0 24260
2025-09-12T06:12:47.073008Z 1945890000 1970150 0 24260
2025-09-12T06:12:47.086235Z 1945890000 1970150 0 24260
2025-09-12T06:12:47.101813Z 1945890000 1970150 0 24260
2025-09-12T06:12:47.117116Z 1945890000 1970150 0 24260
2025-09-12T06:12:47.132600Z 1945890000 1970150 0 24260
2025-09-12T06:12:47.147551Z 1945890000 1970150 0 24260
2025-09-12T06:12:47.164032Z 1945890000 1970150 0 24260
2025-09-12T06:12:47.179699Z 1945890000 1970150 0 24260
2025-09-12T06:12:47.201633Z 1945890000 1970150 0 24260
2025-09-12T06:12:47.220065Z 1945890000 1970150 0 24260
2025-09-12T06:12:47.236567Z 1945890000 1970150 0 24260
2025-09-12T06:12:47.252253Z 1945890000 1970150 0 24260
2025-09-12T06:12:47.267678Z 1945890000 1970150 0 24260
2025-09-12T06:12:47.282904Z 1945890000 1970150 0 24260
2025-09-12T06:12:47.298175Z 1945890000 1970150 0 24260
2025-09-12T06:12:47.321643Z 1945890000 1970150 0 24260
2025-09-12T06:12:47.336509Z 1945890000 1970150 0 24260
2025-09-12T06:12:47.352612Z 1945890000 1970150 0 24260
2025-09-12T06:12:47.366731Z 1945890000 1970150 0 24260
2025-09-12T06:12:47.382223Z 1945890000 1970150 0 24260
2025-09-12T06:12:47.404069Z 1945890000 1970150 0 24260
2025-09-12T06:12:47.424140Z 1945890000 1970150 0 24260
2025-09-12T06:12:47.443583Z 1945890000 1970150 0 24260
2025-09-12T06:12:47.465209Z 1945890000 1970150 0 24260
2025-09-12T06:12:47.479582Z 1945890000 1970150 0 24260
2025-09-12T06:12:47.494429Z 1945890000 1970150 0 24260
2025-09-12T06:12:47.508943Z 1945890000 1970150 0 24260
2025-09-12T06:12:47.533662Z 1945890000 1970150 0 24260
2025-09-12T06:12:47.551196Z 1945890000 1970150 0 24260
2025-09-12T06:12:47.568533Z 1945890000 1970150 0 24260
2025-09-12T06:12:47.592479Z 1945890000 1970150 0 24260
2025-09-12T06:12:47.616902Z 1945890000 1970150 0 24260
2025-09-12T06:12:47.635957Z 1945890000 1970150 0 24260
2025-09-12T06:12:47.655737Z 1945890000 1970150 0 24260
2025-09-12T06:12:47.680592Z 1945890000 1970150 0 24260
2025-09-12T06:12:47.696140Z 1945890000 1970150 0 24260
2025-09-12T06:12:47.712785Z 1945890000 1970150 0 24260
2025-09-12T06:12:47.728637Z 1945890000 1970150 0 24260
2025-09-12T06:12:47.744794Z 1945890000 1970150 0 24260
2025-09-12T06:12:47.761198Z 1945890000 1970150 0 24260
2025-09-12T06:12:47.778826Z 1945890000 1970150 0 24260
2025-09-12T06:12:47.796402Z 1945890000 1970150 0 24260
2025-09-12T06:12:47.814026Z 1945890000 1970150 0 24260
2025-09-12T06:12:47.834759Z 1945890000 1970150 0 24260
2025-09-12T06:12:47.851197Z 1945890000 1970150 0 24260
2025-09-12T06:12:47.866078Z 1945890000 1970150 0 24260
2025-09-12T06:12:47.884485Z 1945890000 1970150 0 24260
2025-09-12T06:12:47.903798Z 1945890000 1970150 0 24260
2025-09-12T06:12:47.920236Z 1945890000 1970150 0 24260
2025-09-12T06:12:47.936905Z 1945890000 1970150 0 24260
2025-09-12T06:12:47.951237Z 1945890000 1970150 0 24260
2025-09-12T06:12:47.968027Z 1945890000 1970150 0 24260
2025-09-12T06:12:47.986166Z 1945890000 1970150 0 24260
2025-09-12T06:12:48.003547Z 1945890000 1970150 0 24260
2025-09-12T06:12:48.022693Z 1945890000 1970150 0 24260
2025-09-12T06:12:48.047805Z 1945890000 1970150 0 24260
2025-09-12T06:12:48.065094Z 1945890000 1970150 0 24260
2025-09-12T06:12:48.081468Z 1945890000 1970150 0 24260
2025-09-12T06:12:48.102019Z 1945890000 1970150 0 24260
2025-09-12T06:12:48.121875Z 1945890000 1970150 0 24260
2025-09-12T06:12:48.140529Z 1945890000 1970150 0 24260
2025-09-12T06:12:48.157506Z 1945890000 1970150 0 24260
2025-09-12T06:12:48.174633Z 1945890000 1970150 0 24260
2025-09-12T06:12:48.193036Z 1945890000 1970150 0 24260
2025-09-12T06:12:48.212054Z 1945890000 1970150 0 24260
2025-09-12T06:12:48.230709Z 1945890000 1970150 0 24260
2025-09-12T06:12:48.244573Z 1945890000 1970150 0 24260
2025-09-12T06:12:48.260072Z 1945890000 1970150 0 24260
2025-09-12T06:12:48.279558Z 1945890000 1970150 0 24260
2025-09-12T06:12:48.296974Z 1945890000 1970150 0 24260
2025-09-12T06:12:48.316695Z 1945890000 1970150 0 24260
2025-09-12T06:12:48.335537Z 1945890000 1970150 0 24260
2025-09-12T06:12:48.354708Z 1945890000 1970150 0 24260
2025-09-12T06:12:48.372806Z 1945890000 1970150 0 24260
2025-09-12T06:12:48.390320Z 1945890000 1970150 0 24260
2025-09-12T06:12:48.407388Z 1945890000 1970150 0 24260
2025-09-12T06:12:48.425593Z 1945890000 1970150 0 24260
2025-09-12T06:12:48.439868Z 1945890000 1970150 0 24260
2025-09-12T06:12:48.453978Z 1945890000 1970150 0 24260
2025-09-12T06:12:48.469714Z 1945890000 1970150 0 24260
2025-09-12T06:12:48.491543Z 1945890000 1970150 0 24260
2025-09-12T06:12:48.510551Z 1945890000 1970150 0 24260
2025-09-12T06:12:48.527980Z 1945890000 1970150 0 24260
2025-09-12T06:12:48.544682Z 1945890000 1970150 0 24260
2025-09-12T06:12:48.562562Z 1945890000 1970150 0 24260
2025-09-12T06:12:48.577002Z 1945890000 1970150 0 24260
2025-09-12T06:12:48.590772Z 1945890000 1970150 0 24260
2025-09-12T06:12:48.605482Z 1945890000 1970150 0 24260
2025-09-12T06:12:48.620305Z 1945890000 1970150 0 24260
2025-09-12T06:12:48.635205Z 1945890000 1970150 0 24260
2025-09-12T06:12:48.656525Z 1945890000 1970150 0 24260
2025-09-12T06:12:48.684320Z 1945890000 1970150 0 24260
2025-09-12T06:12:48.699167Z 1945890000 1970150 0 24260
2025-09-12T06:12:48.714601Z 1945890000 1970150 0 24260
2025-09-12T06:12:48.733195Z 1945890000 1970150 0 24260
2025-09-12T06:12:48.753060Z 1945890000 1970150 0 24260
2025-09-12T06:12:48.771230Z 1945890000 1970150 0 24260
2025-09-12T06:12:48.790090Z 1945890000 1970150 0 24260
2025-09-12T06:12:48.809977Z 1945890000 1970150 0 24260
2025-09-12T06:12:48.826661Z 1945890000 1970150 0 24260
2025-09-12T06:12:48.850570Z 1945890000 1970150 0 24260
2025-09-12T06:12:48.873212Z 1945890000 1970150 0 24260
2025-09-12T06:12:48.896893Z 1945890000 1970150 0 24260
2025-09-12T06:12:48.920097Z 1945890000 1970150 0 24260
2025-09-12T06:12:48.941827Z 1945890000 1970150 0 24260
2025-09-12T06:12:48.959860Z 1945890000 1970150 0 24260
2025-09-12T06:12:48.984648Z 1945890000 1970150 0 24260
2025-09-12T06:12:49.004941Z 1945890000 1970150 0 24260
2025-09-12T06:12:49.019925Z 1945890000 1970150 0 24260
2025-09-12T06:12:49.034344Z 1945890000 1970150 0 24260
2025-09-12T06:12:49.050317Z 1945890000 1970150 0 24260
2025-09-12T06:12:49.074648Z 1945890000 1970150 0 24260
2025-09-12T06:12:49.094718Z 1945890000 1970150 0 24260
2025-09-12T06:12:49.112458Z 1945890000 1970150 0 24260
2025-09-12T06:12:49.132581Z 1945890000 1970150 0 24260
2025-09-12T06:12:49.149921Z 1945890000 1970150 0 24260
2025-09-12T06:12:49.168723Z 1945890000 1970150 0 24260
2025-09-12T06:12:49.193646Z 1945890000 1970150 0 24260
2025-09-12T06:12:49.209141Z 1945890000 1970150 0 24260
2025-09-12T06:12:49.229037Z 1945890000 1970150 0 24260
2025-09-12T06:12:49.247791Z 1945890000 1970150 0 24260
2025-09-12T06:12:49.261006Z 1945890000 1970150 0 24260
2025-09-12T06:12:49.275785Z 1945890000 1970150 0 24260
2025-09-12T06:12:49.291974Z 1945890000 1970150 0 24260
2025-09-12T06:12:49.318276Z 1945890000 1970150 0 24260
2025-09-12T06:12:49.337560Z 1945890000 1970150 0 24260
2025-09-12T06:12:49.358483Z 1945890000 1970150 0 24260
2025-09-12T06:12:49.376384Z 1945890000 1970150 0 24260
2025-09-12T06:12:49.394823Z 1945890000 1970150 0 24260
2025-09-12T06:12:49.419342Z 1945890000 1970150 0 24260
2025-09-12T06:12:49.448061Z 1945890000 1970150 0 24260
2025-09-12T06:12:49.464538Z 1945890000 1970150 0 24260
2025-09-12T06:12:49.488346Z 1945890000 1970150 0 24260
2025-09-12T06:12:49.503009Z 1945890000 1970150 0 24260
2025-09-12T06:12:49.516528Z 1945890000 1970150 0 24260
2025-09-12T06:12:49.530735Z 1945890000 1970150 0 24260
2025-09-12T06:12:49.546456Z 1945890000 1970150 0 24260
2025-09-12T06:12:49.562132Z 1945890000 1970150 0 24260
2025-09-12T06:12:49.577602Z 1945890000 1970150 0 24260
2025-09-12T06:12:49.593323Z 1945890000 1970150 0 24260
2025-09-12T06:12:49.608980Z 1945890000 1970150 0 24260
2025-09-12T06:12:49.625761Z 1945890000 1970150 0 24260
2025-09-12T06:12:49.643860Z 1945890000 1970150 0 24260
2025-09-12T06:12:49.662131Z 1945890000 1970150 0 24260
2025-09-12T06:12:49.681042Z 1945890000 1970150 0 24260
2025-09-12T06:12:49.701359Z 1945890000 1970150 0 24260
2025-09-12T06:12:49.719941Z 1945890000 1970150 0 24260
2025-09-12T06:12:49.737515Z 1945890000 1970150 0 24260
2025-09-12T06:12:49.752530Z 1945890000 1970150 0 24260
2025-09-12T06:12:49.767334Z 1945890000 1970150 0 24260
2025-09-12T06:12:49.785917Z 1945890000 1970150 0 24260
2025-09-12T06:12:49.801335Z 1945890000 1970150 0 24260
2025-09-12T06:12:49.815457Z 1945890000 1970150 0 24260
2025-09-12T06:12:49.830413Z 1945890000 1970150 0 24260
2025-09-12T06:12:49.844601Z 1945890000 1970150 0 24260
2025-09-12T06:12:49.859717Z 1945890000 1970150 0 24260
2025-09-12T06:12:49.875595Z 1945890000 1970150 0 24260
2025-09-12T06:12:49.894774Z 1945890000 1970150 0 24260
2025-09-12T06:12:49.909132Z 1945890000 1970150 0 24260
2025-09-12T06:12:49.926979Z 1945890000 1970150 0 24260
2025-09-12T06:12:49.946972Z 1945890000 1970150 0 24260
2025-09-12T06:12:49.965210Z 1945890000 1970150 0 24260
2025-09-12T06:12:49.982192Z 1945890000 1970150 0 24260
2025-09-12T06:12:49.999574Z 1945890000 1970150 0 24260
2025-09-12T06:12:50.021291Z 1945890000 1970150 0 24260
2025-09-12T06:12:50.037710Z 1945890000 1970150 0 24260
2025-09-12T06:12:50.058608Z 1945890000 1970150 0 24260
2025-09-12T06:12:50.087902Z 1945890000 1970150 0 24260
2025-09-12T06:12:50.101858Z 1945890000 1970150 0 24260
2025-09-12T06:12:50.116670Z 1945890000 1970150 0 24260
2025-09-12T06:12:50.132272Z 1945890000 1970150 0 24260
2025-09-12T06:12:50.151199Z 1945890000 1970150 0 24260
2025-09-12T06:12:50.168513Z 1945890000 1970150 0 24260
2025-09-12T06:12:50.187770Z 1945890000 1970150 0 24260
2025-09-12T06:12:50.208695Z 1945890000 1970150 0 24260
2025-09-12T06:12:50.226080Z 1945890000 1970150 0 24260
2025-09-12T06:12:50.244295Z 1945890000 1970150 0 24260
2025-09-12T06:12:50.262101Z 1945890000 1970150 0 24260
2025-09-12T06:12:50.281614Z 1945890000 1970150 0 24260
2025-09-12T06:12:50.298873Z 1945890000 1970150 0 24260
2025-09-12T06:12:50.316355Z 1945890000 1970150 0 24260
2025-09-12T06:12:50.333566Z 1945890000 1970150 0 24260
2025-09-12T06:12:50.351087Z 1945890000 1970150 0 24260
2025-09-12T06:12:50.368893Z 1945890000 1970150 0 24260
