2025-09-08T13:50:14.566035Z	-60000	0	0	60
2025-09-08T13:50:14.566810Z	390000000	390000	0	0
2025-09-08T13:50:15.067377Z	-60000	0	0	60
2025-09-08T13:50:15.568725Z	-60000	0	0	60
2025-09-08T13:50:16.070202Z	-60000	0	0	60
2025-09-08T13:50:16.571354Z	-60000	0	0	60
2025-09-08T13:50:17.072552Z	-60000	0	0	60
2025-09-08T13:50:17.573699Z	-60000	0	0	60
2025-09-08T13:50:18.074806Z	-60000	0	0	60
2025-09-08T13:50:18.576101Z	-60000	0	0	60
2025-09-08T13:50:19.077433Z	-60000	0	0	60
2025-09-08T13:50:19.578465Z	-60000	0	0	60
2025-09-08T13:50:20.079872Z	-60000	0	0	60
2025-09-08T13:50:20.580971Z	-60000	0	0	60
2025-09-08T13:50:21.082029Z	-60000	0	0	60
2025-09-08T13:50:21.583178Z	-60000	0	0	60
2025-09-08T13:50:22.084301Z	-60000	0	0	60
2025-09-08T13:50:22.585514Z	-60000	0	0	60
2025-09-08T13:50:23.086673Z	-60000	0	0	60
2025-09-08T13:50:23.587689Z	-60000	0	0	60
2025-09-08T13:50:24.088728Z	-60000	0	0	60
2025-09-08T13:50:24.589895Z	-60000	0	0	60
2025-09-08T13:50:25.091008Z	-60000	0	0	60
2025-09-08T13:50:25.592379Z	-60000	0	0	60
2025-09-08T13:50:26.093788Z	-60000	0	0	60
2025-09-08T13:50:26.594818Z	-60000	0	0	60
2025-09-08T13:50:27.095804Z	-60000	0	0	60
2025-09-08T13:50:27.597043Z	-60000	0	0	60
2025-09-08T13:50:28.098233Z	-60000	0	0	60
2025-09-08T13:50:28.599361Z	-60000	0	0	60
2025-09-08T13:50:29.100379Z	-60000	0	0	60
2025-09-08T13:50:29.601744Z	-60000	0	0	60
2025-09-08T13:50:30.103445Z	-60000	0	0	60
2025-09-08T13:50:30.604505Z	-60000	0	0	60
2025-09-08T13:50:31.105880Z	-60000	0	0	60
2025-09-08T13:50:31.607387Z	-60000	0	0	60
2025-09-08T13:50:32.108548Z	-60000	0	0	60
2025-09-08T13:50:32.609753Z	-60000	0	0	60
2025-09-08T13:50:33.110833Z	-60000	0	0	60
2025-09-08T13:50:33.612284Z	-60000	0	0	60
2025-09-08T13:50:34.113521Z	-60000	0	0	60
2025-09-08T13:50:34.614635Z	-60000	0	0	60
2025-09-08T13:50:35.115744Z	-60000	0	0	60
2025-09-08T13:50:35.616890Z	-60000	0	0	60
2025-09-08T13:50:36.117860Z	-60000	0	0	60
2025-09-08T13:50:36.619319Z	-60000	0	0	60
2025-09-08T13:50:37.120659Z	-60000	0	0	60
2025-09-08T13:50:37.622122Z	-60000	0	0	60
2025-09-08T13:50:38.123360Z	-60000	0	0	60
2025-09-08T13:50:38.624603Z	-60000	0	0	60
2025-09-08T13:50:39.125991Z	-60000	0	0	60
2025-09-08T13:50:39.627474Z	-60000	0	0	60
2025-09-08T13:50:40.128761Z	-60000	0	0	60
2025-09-08T13:50:40.629956Z	-60000	0	0	60
2025-09-08T13:50:41.131226Z	-60000	0	0	60
2025-09-08T13:50:41.632356Z	-60000	0	0	60
2025-09-08T13:50:42.133790Z	-60000	0	0	60
2025-09-08T13:50:42.634849Z	-60000	0	0	60
2025-09-08T13:50:43.136090Z	-60000	0	0	60
2025-09-08T13:50:43.637137Z	-60000	0	0	60
2025-09-08T13:50:44.138181Z	-60000	0	0	60
2025-09-08T13:50:44.639210Z	-60000	0	0	60
2025-09-08T13:50:45.140384Z	-60000	0	0	60
2025-09-08T13:50:45.641701Z	-60000	0	0	60
2025-09-08T13:50:46.142949Z	-60000	0	0	60
2025-09-08T13:50:46.644068Z	-60000	0	0	60
2025-09-08T13:50:47.145139Z	-60000	0	0	60
2025-09-08T13:50:47.646591Z	-60000	0	0	60
2025-09-08T13:50:48.147765Z	-60000	0	0	60
2025-09-08T13:50:48.648855Z	-60000	0	0	60
2025-09-08T13:50:49.150003Z	-60000	0	0	60
2025-09-08T13:50:49.651089Z	-60000	0	0	60
2025-09-08T13:50:50.152339Z	-60000	0	0	60
2025-09-08T13:50:50.653618Z	-60000	0	0	60
2025-09-08T13:50:51.154705Z	-60000	0	0	60
2025-09-08T13:50:51.655965Z	-60000	0	0	60
2025-09-08T13:50:52.157188Z	-60000	0	0	60
2025-09-08T13:50:52.658386Z	-60000	0	0	60
2025-09-08T13:50:53.159569Z	-60000	0	0	60
2025-09-08T13:50:53.660693Z	-60000	0	0	60
2025-09-08T13:50:54.161812Z	-60000	0	0	60
2025-09-08T13:50:54.663157Z	-60000	0	0	60
2025-09-08T13:50:55.164256Z	-60000	0	0	60
2025-09-08T13:50:55.665613Z	-60000	0	0	60
2025-09-08T13:50:56.166811Z	-60000	0	0	60
2025-09-08T13:50:56.669230Z	-60000	0	0	60
2025-09-08T13:50:57.171441Z	-60000	0	0	60
2025-09-08T13:50:57.673139Z	-60000	0	0	60
2025-09-08T13:50:58.174477Z	-60000	0	0	60
2025-09-08T13:50:58.675778Z	-60000	0	0	60
2025-09-08T13:50:59.176813Z	-60000	0	0	60
2025-09-08T13:50:59.678095Z	-60000	0	0	60
2025-09-08T13:51:00.179684Z	-60000	0	0	60
2025-09-08T13:51:00.680894Z	-60000	0	0	60
2025-09-08T13:51:01.182196Z	-60000	0	0	60
2025-09-08T13:51:01.683442Z	-60000	0	0	60
2025-09-08T13:51:02.184527Z	-60000	0	0	60
2025-09-08T13:51:02.685747Z	-60000	0	0	60
2025-09-08T13:51:03.186936Z	-60000	0	0	60
2025-09-08T13:51:03.688085Z	-60000	0	0	60
2025-09-08T13:51:04.189176Z	-60000	0	0	60
2025-09-08T13:51:04.690483Z	-60000	0	0	60
2025-09-08T13:51:05.191650Z	-60000	0	0	60
2025-09-08T13:51:05.692927Z	-60000	0	0	60
2025-09-08T13:51:06.194235Z	-60000	0	0	60
2025-09-08T13:51:06.695550Z	-60000	0	0	60
2025-09-08T13:51:07.196689Z	-60000	0	0	60
2025-09-08T13:51:07.697902Z	-60000	0	0	60
2025-09-08T13:51:08.199400Z	-60000	0	0	60
2025-09-08T13:51:08.700585Z	-60000	0	0	60
2025-09-08T13:51:09.201772Z	-60000	0	0	60
2025-09-08T13:51:09.702849Z	-60000	0	0	60
2025-09-08T13:51:10.203909Z	-60000	0	0	60
2025-09-08T13:51:10.705285Z	-60000	0	0	60
2025-09-08T13:51:11.206582Z	-60000	0	0	60
2025-09-08T13:51:11.707778Z	-60000	0	0	60
2025-09-08T13:51:12.208904Z	-60000	0	0	60
2025-09-08T13:51:12.710676Z	-60000	0	0	60
2025-09-08T13:51:13.211851Z	-60000	0	0	60
2025-09-08T13:51:13.713013Z	-60000	0	0	60
2025-09-08T13:51:14.214162Z	-60000	0	0	60
2025-09-08T13:51:14.715228Z	-60000	0	0	60
2025-09-08T13:51:15.216585Z	-60000	0	0	60
2025-09-08T13:51:15.718188Z	-60000	0	0	60
2025-09-08T13:51:16.219304Z	-60000	0	0	60
2025-09-08T13:51:16.720399Z	-60000	0	0	60
2025-09-08T13:51:17.221592Z	-60000	0	0	60
2025-09-08T13:51:17.722859Z	-60000	0	0	60
2025-09-08T13:51:18.223882Z	-60000	0	0	60
2025-09-08T13:51:18.725045Z	-60000	0	0	60
2025-09-08T13:51:19.226307Z	-60000	0	0	60
2025-09-08T13:51:19.727421Z	-60000	0	0	60
2025-09-08T13:51:20.228486Z	-60000	0	0	60
2025-09-08T13:51:20.729648Z	-60000	0	0	60
2025-09-08T13:51:21.230880Z	-60000	0	0	60
2025-09-08T13:51:21.732194Z	-60000	0	0	60
2025-09-08T13:51:22.233233Z	-60000	0	0	60
2025-09-08T13:51:22.734398Z	-60000	0	0	60
2025-09-08T13:51:23.235857Z	-60000	0	0	60
2025-09-08T13:51:23.736919Z	-60000	0	0	60
2025-09-08T13:51:24.238321Z	-60000	0	0	60
2025-09-08T13:51:24.739604Z	-60000	0	0	60
2025-09-08T13:51:25.240942Z	-60000	0	0	60
2025-09-08T13:51:25.742292Z	-60000	0	0	60
2025-09-08T13:51:26.243596Z	-60000	0	0	60
2025-09-08T13:51:26.744704Z	-60000	0	0	60
2025-09-08T13:51:27.245941Z	-60000	0	0	60
2025-09-08T13:51:27.747200Z	-60000	0	0	60
2025-09-08T13:51:28.248336Z	-60000	0	0	60
2025-09-08T13:51:28.749567Z	-60000	0	0	60
2025-09-08T13:51:29.250715Z	-60000	0	0	60
2025-09-08T13:51:29.752056Z	-60000	0	0	60
2025-09-08T13:51:30.253077Z	-60000	0	0	60
2025-09-08T13:51:30.754437Z	-60000	0	0	60
2025-09-08T13:51:31.255712Z	-60000	0	0	60
2025-09-08T13:51:31.756890Z	-60000	0	0	60
2025-09-08T13:51:32.258397Z	-60000	0	0	60
2025-09-08T13:51:32.759720Z	-60000	0	0	60
2025-09-08T13:51:33.261109Z	-60000	0	0	60
2025-09-08T13:51:33.762400Z	-60000	0	0	60
2025-09-08T13:51:34.263564Z	-60000	0	0	60
2025-09-08T13:51:34.764719Z	-60000	0	0	60
2025-09-08T13:51:35.265954Z	-60000	0	0	60
2025-09-08T13:51:35.767114Z	-60000	0	0	60
2025-09-08T13:51:36.268256Z	-60000	0	0	60
2025-09-08T13:51:36.769562Z	-60000	0	0	60
2025-09-08T13:51:37.270801Z	-60000	0	0	60
2025-09-08T13:51:37.771976Z	-60000	0	0	60
2025-09-08T13:51:38.273237Z	-60000	0	0	60
2025-09-08T13:51:38.774421Z	-60000	0	0	60
2025-09-08T13:51:39.275603Z	-60000	0	0	60
2025-09-08T13:51:39.776775Z	-60000	0	0	60
2025-09-08T13:51:40.277960Z	-60000	0	0	60
2025-09-08T13:51:40.779534Z	-60000	0	0	60
2025-09-08T13:51:41.280712Z	-60000	0	0	60
2025-09-08T13:51:41.781926Z	-60000	0	0	60
2025-09-08T13:51:42.283220Z	-60000	0	0	60
2025-09-08T13:51:42.784494Z	-60000	0	0	60
2025-09-08T13:51:43.285731Z	-60000	0	0	60
2025-09-08T13:51:43.786941Z	-60000	0	0	60
2025-09-08T13:51:44.288147Z	-60000	0	0	60
2025-09-08T13:51:44.789353Z	-60000	0	0	60
2025-09-08T13:51:45.290679Z	-60000	0	0	60
2025-09-08T13:51:45.791899Z	-60000	0	0	60
2025-09-08T13:51:46.293141Z	-60000	0	0	60
2025-09-08T13:51:46.794471Z	-60000	0	0	60
2025-09-08T13:51:47.296021Z	-60000	0	0	60
2025-09-08T13:51:47.797368Z	-60000	0	0	60
2025-09-08T13:51:48.298688Z	-60000	0	0	60
2025-09-08T13:51:48.799923Z	-60000	0	0	60
2025-09-08T13:51:49.301141Z	-60000	0	0	60
2025-09-08T13:51:49.802407Z	-60000	0	0	60
2025-09-08T13:51:50.303571Z	-60000	0	0	60
2025-09-08T13:51:50.804694Z	-60000	0	0	60
2025-09-08T13:51:51.306607Z	-60000	0	0	60
2025-09-08T13:51:51.808183Z	-60000	0	0	60
2025-09-08T13:51:52.309550Z	-60000	0	0	60
2025-09-08T13:51:52.810811Z	-60000	0	0	60
2025-09-08T13:51:53.311997Z	-60000	0	0	60
2025-09-08T13:51:53.813137Z	-60000	0	0	60
2025-09-08T13:51:54.314417Z	-60000	0	0	60
2025-09-08T13:51:54.815774Z	-60000	0	0	60
2025-09-08T13:51:55.316990Z	-60000	0	0	60
2025-09-08T13:51:55.818130Z	-60000	0	0	60
2025-09-08T13:51:56.319350Z	-60000	0	0	60
2025-09-08T13:51:56.820547Z	-60000	0	0	60
2025-09-08T13:51:57.321702Z	-60000	0	0	60
2025-09-08T13:51:57.822839Z	-60000	0	0	60
2025-09-08T13:51:58.323945Z	-60000	0	0	60
2025-09-08T13:51:58.825334Z	-60000	0	0	60
2025-09-08T13:51:59.326681Z	-60000	0	0	60
2025-09-08T13:51:59.827808Z	-60000	0	0	60
2025-09-08T13:52:00.329229Z	-60000	0	0	60
2025-09-08T13:52:00.830880Z	-60000	0	0	60
2025-09-08T13:52:01.332159Z	-60000	0	0	60
2025-09-08T13:52:01.833371Z	-60000	0	0	60
2025-09-08T13:52:02.334543Z	-60000	0	0	60
2025-09-08T13:52:02.835683Z	-60000	0	0	60
2025-09-08T13:52:03.336777Z	-60000	0	0	60
2025-09-08T13:52:03.838044Z	-60000	0	0	60
2025-09-08T13:52:04.339257Z	-60000	0	0	60
2025-09-08T13:52:04.840689Z	-60000	0	0	60
2025-09-08T13:52:05.342220Z	-60000	0	0	60
2025-09-08T13:52:05.843502Z	-60000	0	0	60
2025-09-08T13:52:06.345290Z	-60000	0	0	60
2025-09-08T13:52:06.846645Z	-60000	0	0	60
2025-09-08T13:52:07.347821Z	-60000	0	0	60
2025-09-08T13:52:07.848867Z	-60000	0	0	60
2025-09-08T13:52:08.350322Z	-60000	0	0	60
2025-09-08T13:52:08.852002Z	-60000	0	0	60
2025-09-08T13:52:09.353259Z	-60000	0	0	60
2025-09-08T13:52:09.854403Z	-60000	0	0	60
2025-09-08T13:52:10.355738Z	-60000	0	0	60
2025-09-08T13:52:10.857006Z	-60000	0	0	60
2025-09-08T13:52:11.358415Z	-60000	0	0	60
2025-09-08T13:52:11.859719Z	-60000	0	0	60
2025-09-08T13:52:12.361017Z	-60000	0	0	60
2025-09-08T13:52:12.862257Z	-60000	0	0	60
2025-09-08T13:52:13.363404Z	-60000	0	0	60
2025-09-08T13:52:13.864595Z	-60000	0	0	60
2025-09-08T13:52:14.365840Z	-60000	0	0	60
2025-09-08T13:52:14.867229Z	-60000	0	0	60
2025-09-08T13:52:15.368469Z	-60000	0	0	60
2025-09-08T13:52:15.869761Z	-60000	0	0	60
2025-09-08T13:52:16.371215Z	-60000	0	0	60
2025-09-08T13:52:16.872444Z	-60000	0	0	60
2025-09-08T13:52:17.373737Z	-60000	0	0	60
2025-09-08T13:52:17.874997Z	-60000	0	0	60
2025-09-08T13:52:18.376274Z	-60000	0	0	60
2025-09-08T13:52:18.877593Z	-60000	0	0	60
2025-09-08T13:52:19.378832Z	-60000	0	0	60
2025-09-08T13:52:19.880096Z	-60000	0	0	60
2025-09-08T13:52:20.381390Z	-60000	0	0	60
2025-09-08T13:52:20.882565Z	-60000	0	0	60
2025-09-08T13:52:21.383670Z	-60000	0	0	60
2025-09-08T13:52:21.884953Z	-60000	0	0	60
2025-09-08T13:52:22.386208Z	-60000	0	0	60
2025-09-08T13:52:22.887348Z	-60000	0	0	60
2025-09-08T13:52:23.388958Z	-60000	0	0	60
2025-09-08T13:52:23.890435Z	-60000	0	0	60
2025-09-08T13:52:24.391652Z	-60000	0	0	60
2025-09-08T13:52:24.892897Z	-60000	0	0	60
2025-09-08T13:52:25.394134Z	-60000	0	0	60
2025-09-08T13:52:25.895493Z	-60000	0	0	60
2025-09-08T13:52:26.397290Z	-60000	0	0	60
2025-09-08T13:52:26.898516Z	-60000	0	0	60
2025-09-08T13:52:27.399778Z	-60000	0	0	60
2025-09-08T13:52:27.900963Z	-60000	0	0	60
2025-09-08T13:52:28.402341Z	-60000	0	0	60
2025-09-08T13:52:28.903655Z	-60000	0	0	60
2025-09-08T13:52:29.404984Z	-60000	0	0	60
2025-09-08T13:52:29.906314Z	-60000	0	0	60
2025-09-08T13:52:30.407496Z	-60000	0	0	60
2025-09-08T13:52:30.908813Z	-60000	0	0	60
2025-09-08T13:52:31.410011Z	-60000	0	0	60
2025-09-08T13:52:31.911301Z	-60000	0	0	60
2025-09-08T13:52:32.412801Z	-60000	0	0	60
2025-09-08T13:52:32.913930Z	-60000	0	0	60
2025-09-08T13:52:33.415275Z	-60000	0	0	60
2025-09-08T13:52:33.916576Z	-60000	0	0	60
2025-09-08T13:52:34.417934Z	-60000	0	0	60
2025-09-08T13:52:34.919620Z	-60000	0	0	60
2025-09-08T13:52:35.420916Z	-60000	0	0	60
2025-09-08T13:52:35.922828Z	-60000	0	0	60
2025-09-08T13:52:36.424023Z	-60000	0	0	60
2025-09-08T13:52:36.925356Z	-60000	0	0	60
2025-09-08T13:52:37.427028Z	-60000	0	0	60
2025-09-08T13:52:37.928567Z	-60000	0	0	60
2025-09-08T13:52:38.429879Z	-60000	0	0	60
2025-09-08T13:52:38.931087Z	-60000	0	0	60
2025-09-08T13:52:39.432365Z	-60000	0	0	60
2025-09-08T13:52:39.933862Z	-60000	0	0	60
2025-09-08T13:52:40.435134Z	-60000	0	0	60
2025-09-08T13:52:40.936290Z	-60000	0	0	60
2025-09-08T13:52:41.437588Z	-60000	0	0	60
2025-09-08T13:52:41.938783Z	-60000	0	0	60
2025-09-08T13:52:42.440135Z	-60000	0	0	60
2025-09-08T13:52:42.941332Z	-60000	0	0	60
2025-09-08T13:52:43.442701Z	-60000	0	0	60
2025-09-08T13:52:43.944014Z	-60000	0	0	60
2025-09-08T13:52:44.445182Z	-60000	0	0	60
2025-09-08T13:52:44.946393Z	-60000	0	0	60
2025-09-08T13:52:45.447656Z	-60000	0	0	60
2025-09-08T13:52:45.948684Z	-60000	0	0	60
2025-09-08T13:52:46.449839Z	-60000	0	0	60
2025-09-08T13:52:46.951010Z	-60000	0	0	60
2025-09-08T13:52:47.452294Z	-60000	0	0	60
2025-09-08T13:52:47.953606Z	-60000	0	0	60
2025-09-08T13:52:48.454877Z	-60000	0	0	60
2025-09-08T13:52:48.956263Z	-60000	0	0	60
2025-09-08T13:52:49.457504Z	-60000	0	0	60
2025-09-08T13:52:49.958729Z	-60000	0	0	60
2025-09-08T13:52:50.459942Z	-60000	0	0	60
2025-09-08T13:52:50.961262Z	-60000	0	0	60
2025-09-08T13:52:51.462536Z	-60000	0	0	60
2025-09-08T13:52:51.964133Z	-60000	0	0	60
2025-09-08T13:52:52.465549Z	-60000	0	0	60
2025-09-08T13:52:52.966738Z	-60000	0	0	60
2025-09-08T13:52:53.468019Z	-60000	0	0	60
2025-09-08T13:52:53.969275Z	-60000	0	0	60
2025-09-08T13:52:54.471025Z	-60000	0	0	60
2025-09-08T13:52:54.972401Z	-60000	0	0	60
2025-09-08T13:52:55.473620Z	-60000	0	0	60
2025-09-08T13:52:55.975304Z	-60000	0	0	60
2025-09-08T13:52:56.477298Z	-60000	0	0	60
2025-09-08T13:52:56.979321Z	-60000	0	0	60
2025-09-08T13:52:57.480934Z	-60000	0	0	60
2025-09-08T13:52:57.982123Z	-60000	0	0	60
2025-09-08T13:52:58.483259Z	-60000	0	0	60
2025-09-08T13:52:58.984656Z	-60000	0	0	60
2025-09-08T13:52:59.486241Z	-60000	0	0	60
2025-09-08T13:52:59.987533Z	-60000	0	0	60
2025-09-08T13:53:00.488758Z	-60000	0	0	60
2025-09-08T13:53:00.990111Z	-60000	0	0	60
2025-09-08T13:53:01.491425Z	-60000	0	0	60
2025-09-08T13:53:01.993033Z	-60000	0	0	60
2025-09-08T13:53:02.494335Z	-60000	0	0	60
2025-09-08T13:53:02.995569Z	-60000	0	0	60
2025-09-08T13:53:03.496753Z	-60000	0	0	60
2025-09-08T13:53:03.997948Z	-60000	0	0	60
2025-09-08T13:53:04.499290Z	-60000	0	0	60
2025-09-08T13:53:05.000612Z	-60000	0	0	60
2025-09-08T13:53:05.502202Z	-60000	0	0	60
2025-09-08T13:53:06.003420Z	-60000	0	0	60
2025-09-08T13:53:06.504676Z	-60000	0	0	60
2025-09-08T13:53:07.005948Z	-60000	0	0	60
2025-09-08T13:53:07.507528Z	-60000	0	0	60
2025-09-08T13:53:08.008907Z	-60000	0	0	60
2025-09-08T13:53:08.510251Z	-60000	0	0	60
2025-09-08T13:53:09.011329Z	-60000	0	0	60
2025-09-08T13:53:09.512810Z	-60000	0	0	60
2025-09-08T13:53:10.014337Z	-60000	0	0	60
2025-09-08T13:53:10.515691Z	-60000	0	0	60
2025-09-08T13:53:11.016986Z	-60000	0	0	60
2025-09-08T13:53:11.518254Z	-60000	0	0	60
2025-09-08T13:53:12.019556Z	-60000	0	0	60
2025-09-08T13:53:12.520859Z	-60000	0	0	60
2025-09-08T13:53:13.022281Z	-60000	0	0	60
2025-09-08T13:53:13.523581Z	-60000	0	0	60
2025-09-08T13:53:14.024902Z	-60000	0	0	60
2025-09-08T13:53:14.526335Z	-60000	0	0	60
2025-09-08T13:53:15.027637Z	-60000	0	0	60
2025-09-08T13:53:15.528910Z	-60000	0	0	60
2025-09-08T13:53:16.030295Z	-60000	0	0	60
2025-09-08T13:53:16.531355Z	-60000	0	0	60
2025-09-08T13:53:17.032541Z	-60000	0	0	60
2025-09-08T13:53:17.533739Z	-60000	0	0	60
2025-09-08T13:53:18.034985Z	-60000	0	0	60
2025-09-08T13:53:18.536362Z	-60000	0	0	60
2025-09-08T13:53:19.037733Z	-60000	0	0	60
2025-09-08T13:53:19.539022Z	-60000	0	0	60
2025-09-08T13:53:20.040290Z	-60000	0	0	60
2025-09-08T13:53:20.541555Z	-60000	0	0	60
2025-09-08T13:53:21.042777Z	-60000	0	0	60
2025-09-08T13:53:21.544012Z	-60000	0	0	60
2025-09-08T13:53:22.045228Z	-60000	0	0	60
2025-09-08T13:53:22.546377Z	-60000	0	0	60
2025-09-08T13:53:23.064089Z	-60000	0	0	60
2025-09-08T13:53:23.565884Z	-60000	0	0	60
2025-09-08T13:53:24.067045Z	-60000	0	0	60
2025-09-08T13:53:24.568676Z	-60000	0	0	60
2025-09-08T13:53:25.070207Z	-60000	0	0	60
2025-09-08T13:53:25.571643Z	-60000	0	0	60
2025-09-08T13:53:26.073141Z	-60000	0	0	60
2025-09-08T13:53:26.574706Z	-60000	0	0	60
2025-09-08T13:53:27.076094Z	-60000	0	0	60
2025-09-08T13:53:27.577518Z	-60000	0	0	60
2025-09-08T13:53:28.078727Z	-60000	0	0	60
2025-09-08T13:53:28.580304Z	-60000	0	0	60
2025-09-08T13:53:29.081605Z	-60000	0	0	60
2025-09-08T13:53:29.582877Z	-60000	0	0	60
2025-09-08T13:53:30.084239Z	-60000	0	0	60
2025-09-08T13:53:30.585585Z	-60000	0	0	60
2025-09-08T13:53:31.086979Z	-60000	0	0	60
2025-09-08T13:53:31.588381Z	-60000	0	0	60
2025-09-08T13:53:32.090315Z	-60000	0	0	60
2025-09-08T13:53:32.591685Z	-60000	0	0	60
2025-09-08T13:53:33.092961Z	-60000	0	0	60
2025-09-08T13:53:33.594210Z	-60000	0	0	60
2025-09-08T13:53:34.095367Z	-60000	0	0	60
2025-09-08T13:53:34.596629Z	-60000	0	0	60
2025-09-08T13:53:35.097839Z	-60000	0	0	60
2025-09-08T13:53:35.599032Z	-60000	0	0	60
2025-09-08T13:53:36.100451Z	-60000	0	0	60
2025-09-08T13:53:36.601918Z	-60000	0	0	60
2025-09-08T13:53:37.103861Z	-60000	0	0	60
2025-09-08T13:53:37.605045Z	-60000	0	0	60
2025-09-08T13:53:38.106512Z	-60000	0	0	60
2025-09-08T13:53:38.608000Z	-60000	0	0	60
2025-09-08T13:53:39.109372Z	-60000	0	0	60
2025-09-08T13:53:39.610551Z	-60000	0	0	60
2025-09-08T13:53:40.111963Z	-60000	0	0	60
2025-09-08T13:53:40.613241Z	-60000	0	0	60
2025-09-08T13:53:41.114550Z	-60000	0	0	60
2025-09-08T13:53:41.615919Z	-60000	0	0	60
2025-09-08T13:53:42.117167Z	-60000	0	0	60
2025-09-08T13:53:42.618380Z	-60000	0	0	60
2025-09-08T13:53:43.119442Z	-60000	0	0	60
2025-09-08T13:53:43.620621Z	-60000	0	0	60
2025-09-08T13:53:44.121868Z	-60000	0	0	60
2025-09-08T13:53:44.622981Z	-60000	0	0	60
2025-09-08T13:53:45.124294Z	-60000	0	0	60
2025-09-08T13:53:45.625879Z	-60000	0	0	60
2025-09-08T13:53:46.127535Z	-60000	0	0	60
2025-09-08T13:53:46.628942Z	-60000	0	0	60
2025-09-08T13:53:47.130272Z	-60000	0	0	60
2025-09-08T13:53:47.631824Z	-60000	0	0	60
2025-09-08T13:53:48.133046Z	-60000	0	0	60
2025-09-08T13:53:48.634393Z	-60000	0	0	60
2025-09-08T13:53:49.135663Z	-60000	0	0	60
2025-09-08T13:53:49.636961Z	-60000	0	0	60
2025-09-08T13:53:50.138192Z	-60000	0	0	60
2025-09-08T13:53:50.639473Z	-60000	0	0	60
2025-09-08T13:53:51.140689Z	-60000	0	0	60
2025-09-08T13:53:51.641886Z	-60000	0	0	60
2025-09-08T13:53:52.143017Z	-60000	0	0	60
2025-09-08T13:53:52.644196Z	-60000	0	0	60
2025-09-08T13:53:53.145380Z	-60000	0	0	60
2025-09-08T13:53:53.646523Z	-60000	0	0	60
2025-09-08T13:53:54.147673Z	-60000	0	0	60
2025-09-08T13:53:54.648782Z	-60000	0	0	60
2025-09-08T13:53:55.149794Z	-60000	0	0	60
2025-09-08T13:53:55.651364Z	-60000	0	0	60
2025-09-08T13:53:56.153040Z	-60000	0	0	60
2025-09-08T13:53:56.654515Z	-60000	0	0	60
2025-09-08T13:53:57.155926Z	-60000	0	0	60
2025-09-08T13:53:57.657488Z	-60000	0	0	60
2025-09-08T13:53:58.158739Z	-60000	0	0	60
2025-09-08T13:53:58.660037Z	-60000	0	0	60
2025-09-08T13:53:59.161359Z	-60000	0	0	60
2025-09-08T13:53:59.662994Z	-60000	0	0	60
2025-09-08T13:54:00.164311Z	-60000	0	0	60
2025-09-08T13:54:00.665633Z	-60000	0	0	60
2025-09-08T13:54:01.166915Z	-60000	0	0	60
2025-09-08T13:54:01.668097Z	-60000	0	0	60
2025-09-08T13:54:02.169264Z	-60000	0	0	60
2025-09-08T13:54:02.670527Z	-60000	0	0	60
2025-09-08T13:54:03.171812Z	-60000	0	0	60
2025-09-08T13:54:03.673207Z	-60000	0	0	60
2025-09-08T13:54:04.174479Z	-60000	0	0	60
2025-09-08T13:54:04.675663Z	-60000	0	0	60
2025-09-08T13:54:05.177065Z	-60000	0	0	60
2025-09-08T13:54:05.678440Z	-60000	0	0	60
2025-09-08T13:54:06.179724Z	-60000	0	0	60
2025-09-08T13:54:06.680948Z	-60000	0	0	60
2025-09-08T13:54:07.182468Z	-60000	0	0	60
2025-09-08T13:54:07.683734Z	-60000	0	0	60
2025-09-08T13:54:08.184994Z	-60000	0	0	60
2025-09-08T13:54:08.686251Z	-60000	0	0	60
2025-09-08T13:54:09.187598Z	-60000	0	0	60
2025-09-08T13:54:09.688957Z	-60000	0	0	60
2025-09-08T13:54:10.190803Z	-60000	0	0	60
2025-09-08T13:54:10.692014Z	-60000	0	0	60
2025-09-08T13:54:11.193188Z	-60000	0	0	60
2025-09-08T13:54:11.694361Z	-60000	0	0	60
2025-09-08T13:54:12.195522Z	-60000	0	0	60
2025-09-08T13:54:12.696651Z	-60000	0	0	60
2025-09-08T13:54:13.197983Z	-60000	0	0	60
2025-09-08T13:54:13.699331Z	-60000	0	0	60
2025-09-08T13:54:14.200551Z	-60000	0	0	60
2025-09-08T13:54:14.701980Z	-60000	0	0	60
2025-09-08T13:54:15.203417Z	-60000	0	0	60
2025-09-08T13:54:15.704653Z	-60000	0	0	60
2025-09-08T13:54:16.205986Z	-60000	0	0	60
2025-09-08T13:54:16.707434Z	-60000	0	0	60
2025-09-08T13:54:17.209212Z	-60000	0	0	60
2025-09-08T13:54:17.710456Z	-60000	0	0	60
2025-09-08T13:54:18.211717Z	-60000	0	0	60
2025-09-08T13:54:18.712887Z	-60000	0	0	60
2025-09-08T13:54:19.214162Z	-60000	0	0	60
2025-09-08T13:54:19.715326Z	-60000	0	0	60
2025-09-08T13:54:20.216584Z	-60000	0	0	60
2025-09-08T13:54:20.717765Z	-60000	0	0	60
2025-09-08T13:54:21.219117Z	-60000	0	0	60
2025-09-08T13:54:21.720550Z	-60000	0	0	60
2025-09-08T13:54:22.221820Z	-60000	0	0	60
2025-09-08T13:54:22.723431Z	-60000	0	0	60
2025-09-08T13:54:23.224684Z	-60000	0	0	60
2025-09-08T13:54:23.725889Z	-60000	0	0	60
2025-09-08T13:54:24.227014Z	-60000	0	0	60
2025-09-08T13:54:24.728272Z	-60000	0	0	60
2025-09-08T13:54:25.229526Z	-60000	0	0	60
2025-09-08T13:54:25.730770Z	-60000	0	0	60
2025-09-08T13:54:26.232024Z	-60000	0	0	60
2025-09-08T13:54:26.733375Z	-60000	0	0	60
2025-09-08T13:54:27.234628Z	-60000	0	0	60
2025-09-08T13:54:27.735753Z	-60000	0	0	60
2025-09-08T13:54:28.236912Z	-60000	0	0	60
2025-09-08T13:54:28.738367Z	-60000	0	0	60
2025-09-08T13:54:29.240276Z	-60000	0	0	60
2025-09-08T13:54:29.741860Z	-60000	0	0	60
2025-09-08T13:54:30.243621Z	-60000	0	0	60
2025-09-08T13:54:30.745276Z	-60000	0	0	60
2025-09-08T13:54:31.247009Z	-60000	0	0	60
2025-09-08T13:54:31.748263Z	-60000	0	0	60
2025-09-08T13:54:32.249642Z	-60000	0	0	60
2025-09-08T13:54:32.750939Z	-60000	0	0	60
2025-09-08T13:54:33.252169Z	-60000	0	0	60
2025-09-08T13:54:33.753637Z	-60000	0	0	60
2025-09-08T13:54:34.254921Z	-60000	0	0	60
2025-09-08T13:54:34.756171Z	-60000	0	0	60
2025-09-08T13:54:35.257364Z	-60000	0	0	60
2025-09-08T13:54:35.758592Z	-60000	0	0	60
2025-09-08T13:54:36.260085Z	-60000	0	0	60
2025-09-08T13:54:36.761281Z	-60000	0	0	60
2025-09-08T13:54:37.262694Z	-60000	0	0	60
2025-09-08T13:54:37.764122Z	-60000	0	0	60
2025-09-08T13:54:38.265319Z	-60000	0	0	60
2025-09-08T13:54:38.766617Z	-60000	0	0	60
2025-09-08T13:54:39.267894Z	-60000	0	0	60
2025-09-08T13:54:39.769278Z	-60000	0	0	60
2025-09-08T13:54:40.270762Z	-60000	0	0	60
2025-09-08T13:54:40.772008Z	-60000	0	0	60
2025-09-08T13:54:41.273321Z	-60000	0	0	60
2025-09-08T13:54:41.774655Z	-60000	0	0	60
2025-09-08T13:54:42.275979Z	-60000	0	0	60
2025-09-08T13:54:42.777204Z	-60000	0	0	60
2025-09-08T13:54:43.278553Z	-60000	0	0	60
2025-09-08T13:54:43.779894Z	-60000	0	0	60
2025-09-08T13:54:44.281056Z	-60000	0	0	60
2025-09-08T13:54:44.782533Z	-60000	0	0	60
2025-09-08T13:54:45.283912Z	-60000	0	0	60
2025-09-08T13:54:45.785182Z	-60000	0	0	60
2025-09-08T13:54:46.286533Z	-60000	0	0	60
2025-09-08T13:54:46.787972Z	-60000	0	0	60
2025-09-08T13:54:47.289333Z	-60000	0	0	60
2025-09-08T13:54:47.790541Z	-60000	0	0	60
2025-09-08T13:54:48.291787Z	-60000	0	0	60
2025-09-08T13:54:48.793072Z	-60000	0	0	60
2025-09-08T13:54:49.294353Z	-60000	0	0	60
2025-09-08T13:54:49.795579Z	-60000	0	0	60
2025-09-08T13:54:50.296885Z	-60000	0	0	60
2025-09-08T13:54:50.798247Z	-60000	0	0	60
2025-09-08T13:54:51.299486Z	-60000	0	0	60
2025-09-08T13:54:51.800720Z	-60000	0	0	60
2025-09-08T13:54:52.302591Z	-60000	0	0	60
2025-09-08T13:54:52.804324Z	-60000	0	0	60
2025-09-08T13:54:53.306698Z	-60000	0	0	60
2025-09-08T13:54:53.807780Z	-60000	0	0	60
2025-09-08T13:54:54.308969Z	-60000	0	0	60
2025-09-08T13:54:54.810162Z	-60000	0	0	60
2025-09-08T13:54:55.311526Z	-60000	0	0	60
2025-09-08T13:54:55.813100Z	-60000	0	0	60
2025-09-08T13:54:56.314510Z	-60000	0	0	60
2025-09-08T13:54:56.815759Z	-60000	0	0	60
2025-09-08T13:54:57.316992Z	-60000	0	0	60
2025-09-08T13:54:57.818345Z	-60000	0	0	60
2025-09-08T13:54:58.319496Z	-60000	0	0	60
2025-09-08T13:54:58.820893Z	-60000	0	0	60
2025-09-08T13:54:59.322610Z	-60000	0	0	60
2025-09-08T13:54:59.823951Z	-60000	0	0	60
2025-09-08T13:55:00.325159Z	-60000	0	0	60
2025-09-08T13:55:00.826429Z	-60000	0	0	60
2025-09-08T13:55:01.327898Z	-60000	0	0	60
2025-09-08T13:55:01.828952Z	-60000	0	0	60
2025-09-08T13:55:02.329970Z	-60000	0	0	60
2025-09-08T13:55:02.831174Z	-60000	0	0	60
2025-09-08T13:55:03.332201Z	-60000	0	0	60
2025-09-08T13:55:03.833730Z	-60000	0	0	60
2025-09-08T13:55:04.335299Z	-60000	0	0	60
2025-09-08T13:55:04.836532Z	-60000	0	0	60
2025-09-08T13:55:05.337780Z	-60000	0	0	60
2025-09-08T13:55:05.839011Z	-60000	0	0	60
2025-09-08T13:55:06.340185Z	-60000	0	0	60
2025-09-08T13:55:06.841529Z	-60000	0	0	60
2025-09-08T13:55:07.342701Z	-60000	0	0	60
2025-09-08T13:55:07.843861Z	-60000	0	0	60
2025-09-08T13:55:08.345080Z	-60000	0	0	60
2025-09-08T13:55:08.846445Z	-60000	0	0	60
2025-09-08T13:55:09.347796Z	-60000	0	0	60
2025-09-08T13:55:09.848976Z	-60000	0	0	60
2025-09-08T13:55:10.350308Z	-60000	0	0	60
2025-09-08T13:55:10.852454Z	-60000	0	0	60
2025-09-08T13:55:11.354042Z	-60000	0	0	60
2025-09-08T13:55:11.855322Z	-60000	0	0	60
2025-09-08T13:55:12.356662Z	-60000	0	0	60
2025-09-08T13:55:12.858084Z	-60000	0	0	60
2025-09-08T13:55:13.359411Z	-60000	0	0	60
2025-09-08T13:55:13.860917Z	-60000	0	0	60
2025-09-08T13:55:14.362372Z	-60000	0	0	60
2025-09-08T13:55:14.863713Z	-60000	0	0	60
2025-09-08T13:55:15.365066Z	-60000	0	0	60
2025-09-08T13:55:15.866435Z	-60000	0	0	60
2025-09-08T13:55:16.367733Z	-60000	0	0	60
2025-09-08T13:55:16.869225Z	-60000	0	0	60
2025-09-08T13:55:17.370666Z	-60000	0	0	60
2025-09-08T13:55:17.872237Z	-60000	0	0	60
2025-09-08T13:55:18.373512Z	-60000	0	0	60
2025-09-08T13:55:18.874943Z	-60000	0	0	60
2025-09-08T13:55:19.376015Z	-60000	0	0	60
2025-09-08T13:55:19.877299Z	-60000	0	0	60
2025-09-08T13:55:20.378863Z	-60000	0	0	60
2025-09-08T13:55:20.880169Z	-60000	0	0	60
2025-09-08T13:55:21.381511Z	-60000	0	0	60
2025-09-08T13:55:21.882796Z	-60000	0	0	60
2025-09-08T13:55:22.384078Z	-60000	0	0	60
2025-09-08T13:55:22.885399Z	-60000	0	0	60
2025-09-08T13:55:23.386788Z	-60000	0	0	60
2025-09-08T13:55:23.888012Z	-60000	0	0	60
2025-09-08T13:55:24.389256Z	-60000	0	0	60
2025-09-08T13:55:24.890557Z	-60000	0	0	60
2025-09-08T13:55:25.391888Z	-60000	0	0	60
2025-09-08T13:55:25.893194Z	-60000	0	0	60
2025-09-08T13:55:26.394499Z	-60000	0	0	60
2025-09-08T13:55:26.895791Z	-60000	0	0	60
2025-09-08T13:55:27.397016Z	-60000	0	0	60
2025-09-08T13:55:27.898346Z	-60000	0	0	60
2025-09-08T13:55:28.399696Z	-60000	0	0	60
2025-09-08T13:55:28.901076Z	-60000	0	0	60
2025-09-08T13:55:29.402498Z	-60000	0	0	60
2025-09-08T13:55:29.903672Z	-60000	0	0	60
2025-09-08T13:55:30.404851Z	-60000	0	0	60
2025-09-08T13:55:30.906223Z	-60000	0	0	60
2025-09-08T13:55:31.407528Z	-60000	0	0	60
2025-09-08T13:55:31.908636Z	-60000	0	0	60
2025-09-08T13:55:32.409866Z	-60000	0	0	60
2025-09-08T13:55:32.911064Z	-60000	0	0	60
2025-09-08T13:55:33.412353Z	-60000	0	0	60
2025-09-08T13:55:33.913798Z	-60000	0	0	60
2025-09-08T13:55:34.415066Z	-60000	0	0	60
2025-09-08T13:55:34.916277Z	-60000	0	0	60
2025-09-08T13:55:35.417622Z	-60000	0	0	60
2025-09-08T13:55:35.918710Z	-60000	0	0	60
2025-09-08T13:55:36.419921Z	-60000	0	0	60
2025-09-08T13:55:36.921025Z	-60000	0	0	60
2025-09-08T13:55:37.422070Z	-60000	0	0	60
2025-09-08T13:55:37.923245Z	-60000	0	0	60
2025-09-08T13:55:38.424414Z	-60000	0	0	60
2025-09-08T13:55:38.925507Z	-60000	0	0	60
2025-09-08T13:55:39.426913Z	-60000	0	0	60
2025-09-08T13:55:39.928272Z	-60000	0	0	60
2025-09-08T13:55:40.429626Z	-60000	0	0	60
2025-09-08T13:55:40.930779Z	-60000	0	0	60
2025-09-08T13:55:41.432095Z	-60000	0	0	60
2025-09-08T13:55:41.933370Z	-60000	0	0	60
2025-09-08T13:55:42.434573Z	-60000	0	0	60
2025-09-08T13:55:42.935755Z	-60000	0	0	60
2025-09-08T13:55:43.437055Z	-60000	0	0	60
2025-09-08T13:55:43.938264Z	-60000	0	0	60
2025-09-08T13:55:44.439551Z	-60000	0	0	60
2025-09-08T13:55:44.940979Z	-60000	0	0	60
2025-09-08T13:55:45.442227Z	-60000	0	0	60
2025-09-08T13:55:45.943517Z	-60000	0	0	60
2025-09-08T13:55:46.444740Z	-60000	0	0	60
2025-09-08T13:55:46.946158Z	-60000	0	0	60
2025-09-08T13:55:47.447454Z	-60000	0	0	60
2025-09-08T13:55:47.948663Z	-60000	0	0	60
2025-09-08T13:55:48.449871Z	-60000	0	0	60
2025-09-08T13:55:48.951091Z	-60000	0	0	60
2025-09-08T13:55:49.452194Z	-60000	0	0	60
2025-09-08T13:55:49.953406Z	-60000	0	0	60
2025-09-08T13:55:50.454682Z	-60000	0	0	60
2025-09-08T13:55:50.955881Z	-60000	0	0	60
2025-09-08T13:55:51.457173Z	-60000	0	0	60
2025-09-08T13:55:51.958408Z	-60000	0	0	60
2025-09-08T13:55:52.459723Z	-60000	0	0	60
2025-09-08T13:55:52.961318Z	-60000	0	0	60
2025-09-08T13:55:53.462655Z	-60000	0	0	60
2025-09-08T13:55:53.963926Z	-60000	0	0	60
2025-09-08T13:55:54.465331Z	-60000	0	0	60
2025-09-08T13:55:54.966811Z	-60000	0	0	60
2025-09-08T13:55:55.468099Z	-60000	0	0	60
2025-09-08T13:55:55.969679Z	-60000	0	0	60
2025-09-08T13:55:56.470799Z	-60000	0	0	60
2025-09-08T13:55:56.972079Z	-60000	0	0	60
2025-09-08T13:55:57.473307Z	-60000	0	0	60
2025-09-08T13:55:57.974511Z	-60000	0	0	60
2025-09-08T13:55:58.475728Z	-60000	0	0	60
2025-09-08T13:55:58.977060Z	-60000	0	0	60
2025-09-08T13:55:59.478280Z	-60000	0	0	60
2025-09-08T13:55:59.979513Z	-60000	0	0	60
2025-09-08T13:56:00.480756Z	-60000	0	0	60
2025-09-08T13:56:00.982123Z	-60000	0	0	60
2025-09-08T13:56:01.483502Z	-60000	0	0	60
2025-09-08T13:56:01.985085Z	-60000	0	0	60
2025-09-08T13:56:02.486377Z	-60000	0	0	60
2025-09-08T13:56:02.987778Z	-60000	0	0	60
2025-09-08T13:56:03.489082Z	-60000	0	0	60
2025-09-08T13:56:03.990460Z	-60000	0	0	60
2025-09-08T13:56:04.491669Z	-60000	0	0	60
2025-09-08T13:56:04.992969Z	-60000	0	0	60
2025-09-08T13:56:05.494245Z	-60000	0	0	60
2025-09-08T13:56:05.995705Z	-60000	0	0	60
2025-09-08T13:56:06.496944Z	-60000	0	0	60
2025-09-08T13:56:06.998124Z	-60000	0	0	60
2025-09-08T13:56:07.499337Z	-60000	0	0	60
2025-09-08T13:56:08.000561Z	-60000	0	0	60
2025-09-08T13:56:08.501704Z	-60000	0	0	60
2025-09-08T13:56:09.002853Z	-60000	0	0	60
2025-09-08T13:56:09.504040Z	-60000	0	0	60
2025-09-08T13:56:10.005166Z	-60000	0	0	60
2025-09-08T13:56:10.506350Z	-60000	0	0	60
2025-09-08T13:56:11.007464Z	-60000	0	0	60
2025-09-08T13:56:11.509116Z	-60000	0	0	60
2025-09-08T13:56:12.010352Z	-60000	0	0	60
2025-09-08T13:56:12.511406Z	-60000	0	0	60
2025-09-08T13:56:13.012725Z	-60000	0	0	60
2025-09-08T13:56:13.513993Z	-60000	0	0	60
2025-09-08T13:56:14.015319Z	-60000	0	0	60
2025-09-08T13:56:14.517054Z	-60000	0	0	60
2025-09-08T13:56:15.018409Z	-60000	0	0	60
2025-09-08T13:56:15.519566Z	-60000	0	0	60
2025-09-08T13:56:16.020767Z	-60000	0	0	60
2025-09-08T13:56:16.522074Z	-60000	0	0	60
2025-09-08T13:56:17.023621Z	-60000	0	0	60
2025-09-08T13:56:17.524852Z	-60000	0	0	60
2025-09-08T13:56:18.026230Z	-60000	0	0	60
2025-09-08T13:56:18.527465Z	-60000	0	0	60
2025-09-08T13:56:19.029063Z	-60000	0	0	60
2025-09-08T13:56:19.530570Z	-60000	0	0	60
2025-09-08T13:56:20.031941Z	-60000	0	0	60
2025-09-08T13:56:20.533165Z	-60000	0	0	60
2025-09-08T13:56:21.034492Z	-60000	0	0	60
2025-09-08T13:56:21.535836Z	-60000	0	0	60
2025-09-08T13:56:22.037099Z	-60000	0	0	60
2025-09-08T13:56:22.538581Z	-60000	0	0	60
2025-09-08T13:56:23.039908Z	-60000	0	0	60
2025-09-08T13:56:23.541235Z	-60000	0	0	60
2025-09-08T13:56:24.042696Z	-60000	0	0	60
2025-09-08T13:56:24.543926Z	-60000	0	0	60
2025-09-08T13:56:25.045161Z	-60000	0	0	60
2025-09-08T13:56:25.546520Z	-60000	0	0	60
2025-09-08T13:56:26.047746Z	-60000	0	0	60
2025-09-08T13:56:26.549171Z	-60000	0	0	60
2025-09-08T13:56:27.050569Z	-60000	0	0	60
2025-09-08T13:56:27.551863Z	-60000	0	0	60
2025-09-08T13:56:28.053103Z	-60000	0	0	60
2025-09-08T13:56:28.554294Z	-60000	0	0	60
2025-09-08T13:56:29.055738Z	-60000	0	0	60
2025-09-08T13:56:29.556994Z	-60000	0	0	60
2025-09-08T13:56:30.058404Z	-60000	0	0	60
2025-09-08T13:56:30.559977Z	-60000	0	0	60
2025-09-08T13:56:31.061231Z	-60000	0	0	60
2025-09-08T13:56:31.562522Z	-60000	0	0	60
2025-09-08T13:56:32.063815Z	-60000	0	0	60
2025-09-08T13:56:32.565084Z	-60000	0	0	60
2025-09-08T13:56:33.066518Z	-60000	0	0	60
2025-09-08T13:56:33.567778Z	-60000	0	0	60
2025-09-08T13:56:34.069124Z	-60000	0	0	60
2025-09-08T13:56:34.570425Z	-60000	0	0	60
2025-09-08T13:56:35.071709Z	-60000	0	0	60
2025-09-08T13:56:35.573083Z	-60000	0	0	60
2025-09-08T13:56:36.074347Z	-60000	0	0	60
2025-09-08T13:56:36.575692Z	-60000	0	0	60
2025-09-08T13:56:37.077035Z	-60000	0	0	60
2025-09-08T13:56:37.578374Z	-60000	0	0	60
2025-09-08T13:56:38.079666Z	-60000	0	0	60
2025-09-08T13:56:38.580982Z	-60000	0	0	60
2025-09-08T13:56:39.082350Z	-60000	0	0	60
2025-09-08T13:56:39.583690Z	-60000	0	0	60
2025-09-08T13:56:40.085130Z	-60000	0	0	60
2025-09-08T13:56:40.586482Z	-60000	0	0	60
2025-09-08T13:56:41.087676Z	-60000	0	0	60
2025-09-08T13:56:41.588976Z	-60000	0	0	60
2025-09-08T13:56:42.090165Z	-60000	0	0	60
2025-09-08T13:56:42.591398Z	-60000	0	0	60
2025-09-08T13:56:43.092617Z	-60000	0	0	60
2025-09-08T13:56:43.593778Z	-60000	0	0	60
2025-09-08T13:56:44.095125Z	-60000	0	0	60
2025-09-08T13:56:44.596395Z	-60000	0	0	60
2025-09-08T13:56:45.103644Z	-60000	0	0	60
2025-09-08T13:56:45.605800Z	-60000	0	0	60
2025-09-08T13:56:46.107667Z	-60000	0	0	60
2025-09-08T13:56:46.609374Z	-60000	0	0	60
2025-09-08T13:56:47.111452Z	-60000	0	0	60
2025-09-08T13:56:47.613644Z	-60000	0	0	60
2025-09-08T13:56:48.115966Z	-60000	0	0	60
2025-09-08T13:56:48.618071Z	-60000	0	0	60
2025-09-08T13:56:49.119307Z	-60000	0	0	60
2025-09-08T13:56:49.620543Z	-60000	0	0	60
2025-09-08T13:56:50.121800Z	-60000	0	0	60
2025-09-08T13:56:50.623214Z	-60000	0	0	60
2025-09-08T13:56:51.124556Z	-60000	0	0	60
2025-09-08T13:56:51.626343Z	-60000	0	0	60
2025-09-08T13:56:52.127593Z	-60000	0	0	60
2025-09-08T13:56:52.629053Z	-60000	0	0	60
2025-09-08T13:56:53.130298Z	-60000	0	0	60
2025-09-08T13:56:53.632081Z	-60000	0	0	60
2025-09-08T13:56:54.134083Z	-60000	0	0	60
2025-09-08T13:56:54.635849Z	-60000	0	0	60
2025-09-08T13:56:55.137097Z	-60000	0	0	60
2025-09-08T13:56:55.638738Z	-60000	0	0	60
2025-09-08T13:56:56.140112Z	-60000	0	0	60
2025-09-08T13:56:56.641345Z	-60000	0	0	60
2025-09-08T13:56:57.142795Z	-60000	0	0	60
2025-09-08T13:56:57.644210Z	-60000	0	0	60
2025-09-08T13:56:58.145570Z	-60000	0	0	60
2025-09-08T13:56:58.646643Z	-60000	0	0	60
2025-09-08T13:56:59.148000Z	-60000	0	0	60
2025-09-08T13:56:59.649793Z	-60000	0	0	60
2025-09-08T13:57:00.151201Z	-60000	0	0	60
2025-09-08T13:57:00.652578Z	-60000	0	0	60
2025-09-08T13:57:01.153868Z	-60000	0	0	60
2025-09-08T13:57:01.655167Z	-60000	0	0	60
2025-09-08T13:57:02.156450Z	-60000	0	0	60
2025-09-08T13:57:02.657659Z	-60000	0	0	60
2025-09-08T13:57:03.158966Z	-60000	0	0	60
2025-09-08T13:57:03.660911Z	-60000	0	0	60
2025-09-08T13:57:04.162253Z	-60000	0	0	60
2025-09-08T13:57:04.663769Z	-60000	0	0	60
2025-09-08T13:57:05.165090Z	-60000	0	0	60
2025-09-08T13:57:05.667199Z	-60000	0	0	60
2025-09-08T13:57:06.168396Z	-60000	0	0	60
2025-09-08T13:57:06.669539Z	-60000	0	0	60
2025-09-08T13:57:07.170828Z	-60000	0	0	60
2025-09-08T13:57:07.672348Z	-60000	0	0	60
2025-09-08T13:57:08.173660Z	-60000	0	0	60
2025-09-08T13:57:08.675138Z	-60000	0	0	60
2025-09-08T13:57:09.176945Z	-60000	0	0	60
2025-09-08T13:57:09.678336Z	-60000	0	0	60
2025-09-08T13:57:10.179669Z	-60000	0	0	60
2025-09-08T13:57:10.680956Z	-60000	0	0	60
2025-09-08T13:57:11.182235Z	-60000	0	0	60
2025-09-08T13:57:11.683329Z	-60000	0	0	60
2025-09-08T13:57:12.184981Z	-60000	0	0	60
2025-09-08T13:57:12.686235Z	-60000	0	0	60
2025-09-08T13:57:13.187380Z	-60000	0	0	60
2025-09-08T13:57:13.688865Z	-60000	0	0	60
2025-09-08T13:57:14.190049Z	-60000	0	0	60
2025-09-08T13:57:14.691156Z	-60000	0	0	60
2025-09-08T13:57:15.192334Z	-60000	0	0	60
2025-09-08T13:57:15.693742Z	-60000	0	0	60
2025-09-08T13:57:16.195127Z	-60000	0	0	60
2025-09-08T13:57:16.696266Z	-60000	0	0	60
2025-09-08T13:57:17.197741Z	-60000	0	0	60
2025-09-08T13:57:17.699184Z	-60000	0	0	60
2025-09-08T13:57:18.200766Z	-60000	0	0	60
2025-09-08T13:57:18.702014Z	-60000	0	0	60
2025-09-08T13:57:19.203389Z	-60000	0	0	60
2025-09-08T13:57:19.704806Z	-60000	0	0	60
2025-09-08T13:57:20.206183Z	-60000	0	0	60
2025-09-08T13:57:20.707740Z	-60000	0	0	60
2025-09-08T13:57:21.209089Z	-60000	0	0	60
2025-09-08T13:57:21.710385Z	-60000	0	0	60
2025-09-08T13:57:22.211731Z	-60000	0	0	60
2025-09-08T13:57:22.713315Z	-60000	0	0	60
2025-09-08T13:57:23.215104Z	-60000	0	0	60
2025-09-08T13:57:23.716494Z	-60000	0	0	60
2025-09-08T13:57:24.217858Z	-60000	0	0	60
2025-09-08T13:57:24.719061Z	-60000	0	0	60
2025-09-08T13:57:25.220378Z	-60000	0	0	60
2025-09-08T13:57:25.721625Z	-60000	0	0	60
2025-09-08T13:57:26.222906Z	-60000	0	0	60
2025-09-08T13:57:26.724202Z	-60000	0	0	60
2025-09-08T13:57:27.225488Z	-60000	0	0	60
2025-09-08T13:57:27.726760Z	-60000	0	0	60
2025-09-08T13:57:28.228034Z	-60000	0	0	60
2025-09-08T13:57:28.729735Z	-60000	0	0	60
2025-09-08T13:57:29.231220Z	-60000	0	0	60
2025-09-08T13:57:29.732484Z	-60000	0	0	60
2025-09-08T13:57:30.233873Z	-60000	0	0	60
2025-09-08T13:57:30.735203Z	-60000	0	0	60
2025-09-08T13:57:31.236553Z	-60000	0	0	60
2025-09-08T13:57:31.737843Z	-60000	0	0	60
2025-09-08T13:57:32.239167Z	-60000	0	0	60
2025-09-08T13:57:32.740479Z	-60000	0	0	60
2025-09-08T13:57:33.241790Z	-60000	0	0	60
2025-09-08T13:57:33.743183Z	-60000	0	0	60
2025-09-08T13:57:34.244415Z	-60000	0	0	60
2025-09-08T13:57:34.745816Z	-60000	0	0	60
2025-09-08T13:57:35.247031Z	-60000	0	0	60
2025-09-08T13:57:35.748332Z	-60000	0	0	60
2025-09-08T13:57:36.249736Z	-60000	0	0	60
2025-09-08T13:57:36.750890Z	-60000	0	0	60
2025-09-08T13:57:37.252208Z	-60000	0	0	60
2025-09-08T13:57:37.753619Z	-60000	0	0	60
2025-09-08T13:57:38.254809Z	-60000	0	0	60
2025-09-08T13:57:38.756127Z	-60000	0	0	60
2025-09-08T13:57:39.257910Z	-60000	0	0	60
2025-09-08T13:57:39.759464Z	-60000	0	0	60
2025-09-08T13:57:40.260688Z	-60000	0	0	60
2025-09-08T13:57:40.762048Z	-60000	0	0	60
2025-09-08T13:57:41.263362Z	-60000	0	0	60
2025-09-08T13:57:41.764554Z	-60000	0	0	60
2025-09-08T13:57:42.266184Z	-60000	0	0	60
2025-09-08T13:57:42.767347Z	-60000	0	0	60
2025-09-08T13:57:43.268374Z	-60000	0	0	60
2025-09-08T13:57:43.769918Z	-60000	0	0	60
2025-09-08T13:57:44.271095Z	-60000	0	0	60
2025-09-08T13:57:44.772478Z	-60000	0	0	60
2025-09-08T13:57:45.273729Z	-60000	0	0	60
2025-09-08T13:57:45.774978Z	-60000	0	0	60
2025-09-08T13:57:46.276195Z	-60000	0	0	60
2025-09-08T13:57:46.778410Z	-60000	0	0	60
2025-09-08T13:57:47.279915Z	-60000	0	0	60
2025-09-08T13:57:47.781200Z	-60000	0	0	60
2025-09-08T13:57:48.282399Z	-60000	0	0	60
2025-09-08T13:57:48.783631Z	-60000	0	0	60
2025-09-08T13:57:49.284930Z	-60000	0	0	60
2025-09-08T13:57:49.786180Z	-60000	0	0	60
2025-09-08T13:57:50.287468Z	-60000	0	0	60
2025-09-08T13:57:50.788561Z	-60000	0	0	60
2025-09-08T13:57:51.289678Z	-60000	0	0	60
2025-09-08T13:57:51.790962Z	-60000	0	0	60
2025-09-08T13:57:52.292202Z	-60000	0	0	60
2025-09-08T13:57:52.793633Z	-60000	0	0	60
2025-09-08T13:57:53.295052Z	-60000	0	0	60
2025-09-08T13:57:53.796449Z	-60000	0	0	60
2025-09-08T13:57:54.297834Z	-60000	0	0	60
2025-09-08T13:57:54.799786Z	-60000	0	0	60
2025-09-08T13:57:55.302066Z	-60000	0	0	60
2025-09-08T13:57:55.803884Z	-60000	0	0	60
2025-09-08T13:57:56.305159Z	-60000	0	0	60
2025-09-08T13:57:56.806570Z	-60000	0	0	60
2025-09-08T13:57:57.308145Z	-60000	0	0	60
2025-09-08T13:57:57.809526Z	-60000	0	0	60
2025-09-08T13:57:58.310841Z	-60000	0	0	60
2025-09-08T13:57:58.812253Z	-60000	0	0	60
2025-09-08T13:57:59.313737Z	-60000	0	0	60
2025-09-08T13:57:59.814953Z	-60000	0	0	60
2025-09-08T13:58:00.316244Z	-60000	0	0	60
2025-09-08T13:58:00.817586Z	-60000	0	0	60
2025-09-08T13:58:01.318790Z	-60000	0	0	60
2025-09-08T13:58:01.820445Z	-60000	0	0	60
2025-09-08T13:58:02.321798Z	-60000	0	0	60
2025-09-08T13:58:02.823172Z	-60000	0	0	60
2025-09-08T13:58:03.324433Z	-60000	0	0	60
2025-09-08T13:58:03.825847Z	-60000	0	0	60
2025-09-08T13:58:04.327115Z	-60000	0	0	60
2025-09-08T13:58:04.828350Z	-60000	0	0	60
2025-09-08T13:58:05.329646Z	-60000	0	0	60
2025-09-08T13:58:05.830915Z	-60000	0	0	60
2025-09-08T13:58:06.332299Z	-60000	0	0	60
2025-09-08T13:58:06.833651Z	-60000	0	0	60
2025-09-08T13:58:07.334821Z	-60000	0	0	60
2025-09-08T13:58:07.836035Z	-60000	0	0	60
2025-09-08T13:58:08.337360Z	-60000	0	0	60
2025-09-08T13:58:08.838652Z	-60000	0	0	60
2025-09-08T13:58:09.339929Z	-60000	0	0	60
2025-09-08T13:58:09.841155Z	-60000	0	0	60
2025-09-08T13:58:10.342460Z	-60000	0	0	60
2025-09-08T13:58:10.843792Z	-60000	0	0	60
2025-09-08T13:58:11.345561Z	-60000	0	0	60
2025-09-08T13:58:11.846781Z	-60000	0	0	60
2025-09-08T13:58:12.347804Z	-60000	0	0	60
2025-09-08T13:58:12.849281Z	-60000	0	0	60
2025-09-08T13:58:13.351035Z	-60000	0	0	60
2025-09-08T13:58:13.852111Z	-60000	0	0	60
2025-09-08T13:58:14.353302Z	-60000	0	0	60
2025-09-08T13:58:14.854512Z	-60000	0	0	60
2025-09-08T13:58:15.355591Z	-60000	0	0	60
2025-09-08T13:58:15.856676Z	-60000	0	0	60
2025-09-08T13:58:16.358201Z	-60000	0	0	60
2025-09-08T13:58:16.859497Z	-60000	0	0	60
2025-09-08T13:58:17.360817Z	-60000	0	0	60
2025-09-08T13:58:17.862757Z	-60000	0	0	60
2025-09-08T13:58:18.363936Z	-60000	0	0	60
2025-09-08T13:58:18.865123Z	-60000	0	0	60
2025-09-08T13:58:19.366640Z	-60000	0	0	60
2025-09-08T13:58:19.867953Z	-60000	0	0	60
2025-09-08T13:58:20.369515Z	-60000	0	0	60
2025-09-08T13:58:20.871245Z	-60000	0	0	60
2025-09-08T13:58:21.372468Z	-60000	0	0	60
