2025-09-12T06:12:19.800788Z 14330990000 14330990 0
2025-09-12T06:12:19.857953Z 6115610000 6115610 0
2025-09-12T06:12:19.922306Z 6115610000 6115610 0
2025-09-12T06:12:19.984068Z 6115610000 6115610 0
2025-09-12T06:12:20.053380Z 6115610000 6115610 0
2025-09-12T06:12:20.109722Z 6115610000 6115610 0
2025-09-12T06:12:20.173856Z 6115610000 6115610 0
2025-09-12T06:12:20.230581Z 6115610000 6115610 0
2025-09-12T06:12:20.289995Z 6115610000 6115610 0
2025-09-12T06:12:20.343967Z 6115610000 6115610 0
2025-09-12T06:12:20.405273Z 6115610000 6115610 0
2025-09-12T06:12:20.469252Z 6115610000 6115610 0
2025-09-12T06:12:20.533055Z 6115610000 6115610 0
2025-09-12T06:12:20.587433Z 6115610000 6115610 0
2025-09-12T06:12:20.648581Z 6115610000 6115610 0
2025-09-12T06:12:20.714873Z 6115610000 6115610 0
2025-09-12T06:12:20.773925Z 6115610000 6115610 0
2025-09-12T06:12:20.835256Z 6115610000 6115610 0
2025-09-12T06:12:20.889081Z 6115610000 6115610 0
2025-09-12T06:12:20.940974Z 6115610000 6115610 0
2025-09-12T06:12:21.000290Z 6115610000 6115610 0
2025-09-12T06:12:21.056510Z 6115610000 6115610 0
2025-09-12T06:12:21.115492Z 6115610000 6115610 0
2025-09-12T06:12:21.166734Z 6115610000 6115610 0
2025-09-12T06:12:21.230884Z 6115610000 6115610 0
2025-09-12T06:12:21.287724Z 6115610000 6115610 0
2025-09-12T06:12:21.346959Z 6115610000 6115610 0
2025-09-12T06:12:21.406163Z 6115610000 6115610 0
2025-09-12T06:12:21.464068Z 6115610000 6115610 0
2025-09-12T06:12:21.523812Z 6115610000 6115610 0
2025-09-12T06:12:21.585521Z 6115610000 6115610 0
2025-09-12T06:12:21.639393Z 6115610000 6115610 0
2025-09-12T06:12:21.698665Z 6115610000 6115610 0
2025-09-12T06:12:21.757810Z 6115610000 6115610 0
2025-09-12T06:12:21.821893Z 6115610000 6115610 0
2025-09-12T06:12:21.885119Z 6115610000 6115610 0
2025-09-12T06:12:21.941247Z 6115610000 6115610 0
2025-09-12T06:12:22.002565Z 6115610000 6115610 0
2025-09-12T06:12:22.062246Z 6115610000 6115610 0
2025-09-12T06:12:22.118606Z 6115610000 6115610 0
2025-09-12T06:12:22.177600Z 6115610000 6115610 0
2025-09-12T06:12:22.239602Z 6115610000 6115610 0
2025-09-12T06:12:22.301675Z 6115610000 6115610 0
2025-09-12T06:12:22.360662Z 6115610000 6115610 0
2025-09-12T06:12:22.427024Z 6115610000 6115610 0
2025-09-12T06:12:22.478872Z 6115610000 6115610 0
2025-09-12T06:12:22.538385Z 6115610000 6115610 0
2025-09-12T06:12:22.602513Z 6115610000 6115610 0
2025-09-12T06:12:22.658628Z 6115610000 6115610 0
2025-09-12T06:12:22.717568Z 6115610000 6115610 0
2025-09-12T06:12:22.776760Z 6115610000 6115610 0
2025-09-12T06:12:22.833735Z 6115610000 6115610 0
2025-09-12T06:12:22.885985Z 6115610000 6115610 0
2025-09-12T06:12:22.949555Z 6115610000 6115610 0
2025-09-12T06:12:23.013787Z 6115610000 6115610 0
2025-09-12T06:12:23.075279Z 6115610000 6115610 0
2025-09-12T06:12:23.137096Z 6115610000 6115610 0
2025-09-12T06:12:23.191691Z 6115610000 6115610 0
2025-09-12T06:12:23.250793Z 6115610000 6115610 0
2025-09-12T06:12:23.312983Z 6115610000 6115610 0
2025-09-12T06:12:23.369122Z 6115610000 6115610 0
2025-09-12T06:12:23.428839Z 6115610000 6115610 0
2025-09-12T06:12:23.488582Z 6115610000 6115610 0
2025-09-12T06:12:23.549121Z 6115610000 6115610 0
2025-09-12T06:12:23.606871Z 6115610000 6115610 0
2025-09-12T06:12:23.669266Z 6115610000 6115610 0
2025-09-12T06:12:23.728440Z 6115610000 6115610 0
2025-09-12T06:12:23.788505Z 6115610000 6115610 0
2025-09-12T06:12:23.848158Z 6115610000 6115610 0
2025-09-12T06:12:23.907786Z 6115610000 6115610 0
2025-09-12T06:12:23.962917Z 6115610000 6115610 0
2025-09-12T06:12:24.022194Z 6115610000 6115610 0
2025-09-12T06:12:24.081250Z 6115610000 6115610 0
2025-09-12T06:12:24.139853Z 6115610000 6115610 0
2025-09-12T06:12:24.195578Z 6115610000 6115610 0
2025-09-12T06:12:24.252903Z 6115610000 6115610 0
2025-09-12T06:12:24.309692Z 6115610000 6115610 0
2025-09-12T06:12:24.367061Z 6115610000 6115610 0
2025-09-12T06:12:24.431758Z 6115610000 6115610 0
2025-09-12T06:12:24.486005Z 6115610000 6115610 0
2025-09-12T06:12:24.545049Z 6115610000 6115610 0
2025-09-12T06:12:24.605352Z 6115610000 6115610 0
2025-09-12T06:12:24.657046Z 6115610000 6115610 0
2025-09-12T06:12:24.709115Z 6115610000 6115610 0
2025-09-12T06:12:24.765415Z 6115610000 6115610 0
2025-09-12T06:12:24.821597Z 6115610000 6115610 0
2025-09-12T06:12:24.883227Z 6115610000 6115610 0
2025-09-12T06:12:24.940569Z 6115610000 6115610 0
2025-09-12T06:12:24.997299Z 6115610000 6115610 0
2025-09-12T06:12:25.054495Z 6115610000 6115610 0
2025-09-12T06:12:25.114090Z 6115610000 6115610 0
2025-09-12T06:12:25.179111Z 6115610000 6115610 0
2025-09-12T06:12:25.243519Z 6115610000 6115610 0
2025-09-12T06:12:25.305559Z 6115610000 6115610 0
2025-09-12T06:12:25.364606Z 6115610000 6115610 0
2025-09-12T06:12:25.422968Z 6115610000 6115610 0
2025-09-12T06:12:25.479829Z 6115610000 6115610 0
2025-09-12T06:12:25.539238Z 6140110000 6140110 0
2025-09-12T06:12:25.600790Z 6115610000 6115610 0
2025-09-12T06:12:25.662565Z 6115610000 6115610 0
2025-09-12T06:12:25.722074Z 6115610000 6115610 0
2025-09-12T06:12:25.778714Z 6115610000 6115610 0
2025-09-12T06:12:25.840558Z 6115610000 6115610 0
2025-09-12T06:12:25.897382Z 6115610000 6115610 0
2025-09-12T06:12:25.953650Z 6115610000 6115610 0
2025-09-12T06:12:26.010396Z 6115610000 6115610 0
2025-09-12T06:12:26.067600Z 6115610000 6115610 0
2025-09-12T06:12:26.126961Z 6115610000 6115610 0
2025-09-12T06:12:26.186938Z 6115610000 6115610 0
2025-09-12T06:12:26.246289Z 6115610000 6115610 0
2025-09-12T06:12:26.303215Z 6115610000 6115610 0
2025-09-12T06:12:26.361862Z 6115610000 6115610 0
2025-09-12T06:12:26.421798Z 6115610000 6115610 0
2025-09-12T06:12:26.486116Z 6115610000 6115610 0
2025-09-12T06:12:26.544987Z 6115610000 6115610 0
2025-09-12T06:12:26.607403Z 6115610000 6115610 0
2025-09-12T06:12:26.664235Z 6115610000 6115610 0
2025-09-12T06:12:26.721335Z 6115610000 6115610 0
2025-09-12T06:12:26.778941Z 6115610000 6115610 0
2025-09-12T06:12:26.830197Z 6115610000 6115610 0
2025-09-12T06:12:26.891920Z 6115610000 6115610 0
2025-09-12T06:12:26.949396Z 6115610000 6115610 0
2025-09-12T06:12:26.998906Z 6115610000 6115610 0
2025-09-12T06:12:27.063416Z 6115610000 6115610 0
2025-09-12T06:12:27.122772Z 6115610000 6115610 0
2025-09-12T06:12:27.176976Z 6115610000 6115610 0
2025-09-12T06:12:27.243091Z 6115610000 6115610 0
2025-09-12T06:12:27.302253Z 6115610000 6115610 0
2025-09-12T06:12:27.364575Z 6115610000 6115610 0
2025-09-12T06:12:27.419673Z 6115610000 6115610 0
2025-09-12T06:12:27.484107Z 6115610000 6115610 0
2025-09-12T06:12:27.541230Z 6115610000 6115610 0
2025-09-12T06:12:27.600914Z 6115610000 6115610 0
2025-09-12T06:12:27.658407Z 6115610000 6115610 0
2025-09-12T06:12:27.718005Z 6115610000 6115610 0
2025-09-12T06:12:27.772632Z 6115610000 6115610 0
2025-09-12T06:12:27.827872Z 6115610000 6115610 0
2025-09-12T06:12:27.887276Z 6115610000 6115610 0
2025-09-12T06:12:27.954595Z 6115610000 6115610 0
2025-09-12T06:12:28.011636Z 6115610000 6115610 0
2025-09-12T06:12:28.076583Z 6115610000 6115610 0
2025-09-12T06:12:28.141194Z 6115610000 6115610 0
2025-09-12T06:12:28.208175Z 6115610000 6115610 0
2025-09-12T06:12:28.267541Z 6115610000 6115610 0
2025-09-12T06:12:28.324898Z 6115610000 6115610 0
2025-09-12T06:12:28.386831Z 6115610000 6115610 0
2025-09-12T06:12:28.446520Z 6115610000 6115610 0
2025-09-12T06:12:28.505768Z 6115610000 6115610 0
2025-09-12T06:12:28.562736Z 6115610000 6115610 0
2025-09-12T06:12:28.619984Z 6115610000 6115610 0
2025-09-12T06:12:28.685312Z 6115610000 6115610 0
2025-09-12T06:12:28.739865Z 6115610000 6115610 0
2025-09-12T06:12:28.793400Z 6115610000 6115610 0
2025-09-12T06:12:28.852840Z 6115610000 6115610 0
2025-09-12T06:12:28.907345Z 6115610000 6115610 0
2025-09-12T06:12:28.967216Z 6115610000 6115610 0
2025-09-12T06:12:29.033918Z 6115610000 6115610 0
2025-09-12T06:12:29.094248Z 6115610000 6115610 0
2025-09-12T06:12:29.143989Z 6115610000 6115610 0
2025-09-12T06:12:29.201083Z 6115610000 6115610 0
2025-09-12T06:12:29.258647Z 6115610000 6115610 0
2025-09-12T06:12:29.321152Z 6115610000 6115610 0
2025-09-12T06:12:29.375992Z 6115610000 6115610 0
2025-09-12T06:12:29.435199Z 6115610000 6115610 0
2025-09-12T06:12:29.494309Z 6115610000 6115610 0
2025-09-12T06:12:29.556344Z 6115610000 6115610 0
2025-09-12T06:12:29.615734Z 6115610000 6115610 0
2025-09-12T06:12:29.675300Z 6115610000 6115610 0
2025-09-12T06:12:29.734726Z 6115610000 6115610 0
2025-09-12T06:12:29.792205Z 6115610000 6115610 0
2025-09-12T06:12:29.851254Z 6115610000 6115610 0
2025-09-12T06:12:29.915369Z 6115610000 6115610 0
2025-09-12T06:12:29.980001Z 6115610000 6115610 0
2025-09-12T06:12:30.039111Z 6115610000 6115610 0
2025-09-12T06:12:30.101436Z 6115610000 6115610 0
2025-09-12T06:12:30.156689Z 6115610000 6115610 0
2025-09-12T06:12:30.221214Z 6115610000 6115610 0
2025-09-12T06:12:30.281838Z 6115610000 6115610 0
2025-09-12T06:12:30.338014Z 6115610000 6115610 0
2025-09-12T06:12:30.401444Z 6115610000 6115610 0
2025-09-12T06:12:30.457659Z 6115610000 6115610 0
2025-09-12T06:12:30.516641Z 6115610000 6115610 0
2025-09-12T06:12:30.575589Z 6115610000 6115610 0
2025-09-12T06:12:30.636759Z 6115610000 6115610 0
2025-09-12T06:12:30.692827Z 6115610000 6115610 0
2025-09-12T06:12:30.744789Z 6115610000 6115610 0
2025-09-12T06:12:30.806212Z 6115610000 6115610 0
2025-09-12T06:12:30.870320Z 6115610000 6115610 0
2025-09-12T06:12:30.924324Z 6115610000 6115610 0
2025-09-12T06:12:30.981204Z 6115610000 6115610 0
2025-09-12T06:12:31.047726Z 6115610000 6115610 0
2025-09-12T06:12:31.096645Z 6115610000 6115610 0
2025-09-12T06:12:31.162662Z 6115610000 6115610 0
2025-09-12T06:12:31.227279Z 6115610000 6115610 0
2025-09-12T06:12:31.286261Z 6115610000 6115610 0
2025-09-12T06:12:31.350258Z 6115610000 6115610 0
2025-09-12T06:12:31.401254Z 6115610000 6115610 0
2025-09-12T06:12:31.458153Z 6115610000 6115610 0
2025-09-12T06:12:31.512495Z 6115610000 6115610 0
2025-09-12T06:12:31.574423Z 6115610000 6115610 0
2025-09-12T06:12:31.633458Z 6115610000 6115610 0
2025-09-12T06:12:31.691668Z 6115610000 6115610 0
2025-09-12T06:12:31.757243Z 6115610000 6115610 0
2025-09-12T06:12:31.823268Z 6115610000 6115610 0
2025-09-12T06:12:31.879944Z 6115610000 6115610 0
2025-09-12T06:12:31.941330Z 6115610000 6115610 0
2025-09-12T06:12:31.995501Z 6115610000 6115610 0
2025-09-12T06:12:32.056317Z 6115610000 6115610 0
2025-09-12T06:12:32.122375Z 6115610000 6115610 0
2025-09-12T06:12:32.191571Z 6115610000 6115610 0
2025-09-12T06:12:32.245078Z 6115610000 6115610 0
2025-09-12T06:12:32.306744Z 6115610000 6115610 0
2025-09-12T06:12:32.370193Z 6115610000 6115610 0
2025-09-12T06:12:32.427024Z 6115610000 6115610 0
2025-09-12T06:12:32.478471Z 6115610000 6115610 0
2025-09-12T06:12:32.534550Z 6115610000 6115610 0
2025-09-12T06:12:32.596479Z 6115610000 6115610 0
2025-09-12T06:12:32.647745Z 6115610000 6115610 0
2025-09-12T06:12:32.701845Z 6115610000 6115610 0
2025-09-12T06:12:32.760697Z 6115610000 6115610 0
2025-09-12T06:12:32.826878Z 6115610000 6115610 0
2025-09-12T06:12:32.890562Z 6115610000 6115610 0
2025-09-12T06:12:32.947414Z 6115610000 6115610 0
2025-09-12T06:12:33.008557Z 6115610000 6115610 0
2025-09-12T06:12:33.075632Z 6140110000 6140110 0
2025-09-12T06:12:33.132594Z 6115610000 6115610 0
2025-09-12T06:12:33.189832Z 6115610000 6115610 0
2025-09-12T06:12:33.253159Z 6115610000 6115610 0
2025-09-12T06:12:33.312167Z 6115610000 6115610 0
2025-09-12T06:12:33.368843Z 6115610000 6115610 0
2025-09-12T06:12:33.427980Z 6115610000 6115610 0
2025-09-12T06:12:33.479098Z 6115610000 6115610 0
2025-09-12T06:12:33.540103Z 6115610000 6115610 0
2025-09-12T06:12:33.598578Z 6115610000 6115610 0
2025-09-12T06:12:33.650268Z 6115610000 6115610 0
2025-09-12T06:12:33.711665Z 6115610000 6115610 0
2025-09-12T06:12:33.768605Z 6115610000 6115610 0
2025-09-12T06:12:33.829876Z 6115610000 6115610 0
2025-09-12T06:12:33.895151Z 6115610000 6115610 0
2025-09-12T06:12:33.957108Z 6115610000 6115610 0
2025-09-12T06:12:34.015978Z 6115610000 6115610 0
2025-09-12T06:12:34.074512Z 6189110000 6189110 0
2025-09-12T06:12:34.138597Z 6115610000 6115610 0
2025-09-12T06:12:34.204823Z 6115610000 6115610 0
2025-09-12T06:12:34.263756Z 6115610000 6115610 0
2025-09-12T06:12:34.320669Z 6115610000 6115610 0
2025-09-12T06:12:34.387052Z 6115610000 6115610 0
2025-09-12T06:12:34.445954Z 6115610000 6115610 0
2025-09-12T06:12:34.504194Z 6115610000 6115610 0
2025-09-12T06:12:34.563358Z 6115610000 6115610 0
2025-09-12T06:12:34.618129Z 6115610000 6115610 0
2025-09-12T06:12:34.672227Z 6115610000 6115610 0
2025-09-12T06:12:34.728548Z 6115610000 6115610 0
2025-09-12T06:12:34.790579Z 6115610000 6115610 0
2025-09-12T06:12:34.856968Z 6115610000 6115610 0
2025-09-12T06:12:34.918754Z 6115610000 6115610 0
2025-09-12T06:12:34.980174Z 6115610000 6115610 0
2025-09-12T06:12:35.041191Z 6115610000 6115610 0
2025-09-12T06:12:35.105077Z 6115610000 6115610 0
2025-09-12T06:12:35.163495Z 6115610000 6115610 0
2025-09-12T06:12:35.225411Z 6115610000 6115610 0
2025-09-12T06:12:35.283930Z 6115610000 6115610 0
2025-09-12T06:12:35.346081Z 6115610000 6115610 0
2025-09-12T06:12:35.409250Z 6115610000 6115610 0
2025-09-12T06:12:35.464057Z 6115610000 6115610 0
2025-09-12T06:12:35.515963Z 6115610000 6115610 0
2025-09-12T06:12:35.574786Z 6115610000 6115610 0
2025-09-12T06:12:35.632381Z 6115610000 6115610 0
2025-09-12T06:12:35.695270Z 6115610000 6115610 0
2025-09-12T06:12:35.752007Z 6115610000 6115610 0
2025-09-12T06:12:35.812714Z 6115610000 6115610 0
2025-09-12T06:12:35.872109Z 6115610000 6115610 0
2025-09-12T06:12:35.932125Z 6115610000 6115610 0
2025-09-12T06:12:35.986745Z 6115610000 6115610 0
2025-09-12T06:12:36.041405Z 6115610000 6115610 0
2025-09-12T06:12:36.104035Z 6115610000 6115610 0
2025-09-12T06:12:36.166920Z 6115610000 6115610 0
2025-09-12T06:12:36.223868Z 6115610000 6115610 0
2025-09-12T06:12:36.288280Z 6115610000 6115610 0
2025-09-12T06:12:36.344323Z 6115610000 6115610 0
2025-09-12T06:12:36.400927Z 6115610000 6115610 0
2025-09-12T06:12:36.455050Z 6115610000 6115610 0
2025-09-12T06:12:36.512642Z 6115610000 6115610 0
2025-09-12T06:12:36.575964Z 6115610000 6115610 0
2025-09-12T06:12:36.628251Z 6115610000 6115610 0
2025-09-12T06:12:36.689466Z 6115610000 6115610 0
2025-09-12T06:12:36.756672Z 6115610000 6115610 0
2025-09-12T06:12:36.820556Z 6115610000 6115610 0
2025-09-12T06:12:36.879704Z 6115610000 6115610 0
2025-09-12T06:12:36.928765Z 6115610000 6115610 0
2025-09-12T06:12:36.989916Z 6115610000 6115610 0
2025-09-12T06:12:37.052022Z 6115610000 6115610 0
2025-09-12T06:12:37.113431Z 6115610000 6115610 0
2025-09-12T06:12:37.172481Z 6115610000 6115610 0
2025-09-12T06:12:37.238774Z 6115610000 6115610 0
2025-09-12T06:12:37.302552Z 6115610000 6115610 0
2025-09-12T06:12:37.354729Z 6115610000 6115610 0
2025-09-12T06:12:37.408207Z 6115610000 6115610 0
2025-09-12T06:12:37.469792Z 6115610000 6115610 0
2025-09-12T06:12:37.528199Z 6115610000 6115610 0
2025-09-12T06:12:37.589699Z 6115610000 6115610 0
2025-09-12T06:12:37.646130Z 6115610000 6115610 0
2025-09-12T06:12:37.703150Z 6115610000 6115610 0
2025-09-12T06:12:37.762483Z 6115610000 6115610 0
2025-09-12T06:12:37.821626Z 6115610000 6115610 0
2025-09-12T06:12:37.881200Z 6115610000 6115610 0
2025-09-12T06:12:37.943163Z 6115610000 6115610 0
2025-09-12T06:12:38.002470Z 6115610000 6115610 0
2025-09-12T06:12:38.064925Z 6115610000 6115610 0
2025-09-12T06:12:38.118967Z 6115610000 6115610 0
2025-09-12T06:12:38.179987Z 6115610000 6115610 0
2025-09-12T06:12:38.241280Z 6115610000 6115610 0
2025-09-12T06:12:38.305566Z 6115610000 6115610 0
2025-09-12T06:12:38.364525Z 6115610000 6115610 0
2025-09-12T06:12:38.428601Z 6115610000 6115610 0
2025-09-12T06:12:38.487785Z 6115610000 6115610 0
2025-09-12T06:12:38.548314Z 6115610000 6115610 0
2025-09-12T06:12:38.607536Z 6115610000 6115610 0
2025-09-12T06:12:38.669116Z 6115610000 6115610 0
2025-09-12T06:12:38.725470Z 6115610000 6115610 0
2025-09-12T06:12:38.782334Z 6115610000 6115610 0
2025-09-12T06:12:38.836487Z 6115610000 6115610 0
2025-09-12T06:12:38.898385Z 6115610000 6115610 0
2025-09-12T06:12:38.949582Z 6115610000 6115610 0
2025-09-12T06:12:39.005686Z 6115610000 6115610 0
2025-09-12T06:12:39.069003Z 6115610000 6115610 0
2025-09-12T06:12:39.125945Z 6115610000 6115610 0
2025-09-12T06:12:39.194328Z 6115610000 6115610 0
2025-09-12T06:12:39.255275Z 6115610000 6115610 0
2025-09-12T06:12:39.319233Z 6115610000 6115610 0
2025-09-12T06:12:39.377651Z 6115610000 6115610 0
2025-09-12T06:12:39.433907Z 6115610000 6115610 0
2025-09-12T06:12:39.487807Z 6115610000 6115610 0
2025-09-12T06:12:39.549272Z 6115610000 6115610 0
2025-09-12T06:12:39.616210Z 6115610000 6115610 0
2025-09-12T06:12:39.684914Z 6115610000 6115610 0
2025-09-12T06:12:39.751231Z 6115610000 6115610 0
2025-09-12T06:12:39.817552Z 6115610000 6115610 0
2025-09-12T06:12:39.879647Z 6115610000 6115610 0
2025-09-12T06:12:39.938539Z 6115610000 6115610 0
2025-09-12T06:12:40.005042Z 6115610000 6115610 0
2025-09-12T06:12:40.064762Z 6115610000 6115610 0
2025-09-12T06:12:40.124011Z 6115610000 6115610 0
2025-09-12T06:12:40.185150Z 6115610000 6115610 0
2025-09-12T06:12:40.243397Z 6115610000 6115610 0
2025-09-12T06:12:40.297532Z 6115610000 6115610 0
2025-09-12T06:12:40.346540Z 6115610000 6115610 0
2025-09-12T06:12:40.402139Z 6115610000 6115610 0
2025-09-12T06:12:40.455529Z 6115610000 6115610 0
2025-09-12T06:12:40.517500Z 6115610000 6115610 0
2025-09-12T06:12:40.574220Z 6115610000 6115610 0
2025-09-12T06:12:40.635646Z 6115610000 6115610 0
2025-09-12T06:12:40.695349Z 6115610000 6115610 0
2025-09-12T06:12:40.757066Z 6115610000 6115610 0
2025-09-12T06:12:40.816277Z 6115610000 6115610 0
2025-09-12T06:12:40.874462Z 6115610000 6115610 0
2025-09-12T06:12:40.939341Z 6115610000 6115610 0
2025-09-12T06:12:40.999972Z 6115610000 6115610 0
2025-09-12T06:12:41.060598Z 6115610000 6115610 0
2025-09-12T06:12:41.119263Z 6115610000 6115610 0
2025-09-12T06:12:41.176675Z 6115610000 6115610 0
2025-09-12T06:12:41.243250Z 6115610000 6115610 0
2025-09-12T06:12:41.301929Z 6115610000 6115610 0
2025-09-12T06:12:41.363933Z 6115610000 6115610 0
2025-09-12T06:12:41.417910Z 6115610000 6115610 0
2025-09-12T06:12:41.478182Z 6115610000 6115610 0
2025-09-12T06:12:41.532564Z 6115610000 6115610 0
2025-09-12T06:12:41.585973Z 6115610000 6115610 0
2025-09-12T06:12:41.642923Z 6115610000 6115610 0
2025-09-12T06:12:41.702011Z 6115610000 6115610 0
2025-09-12T06:12:41.764892Z 6115610000 6115610 0
2025-09-12T06:12:41.821217Z 6115610000 6115610 0
2025-09-12T06:12:41.880274Z 6115610000 6115610 0
2025-09-12T06:12:41.939642Z 6115610000 6115610 0
2025-09-12T06:12:42.007320Z 6115610000 6115610 0
2025-09-12T06:12:42.072747Z 6115610000 6115610 0
2025-09-12T06:12:42.137735Z 6115610000 6115610 0
2025-09-12T06:12:42.198220Z 6115610000 6115610 0
2025-09-12T06:12:42.257973Z 6115610000 6115610 0
2025-09-12T06:12:42.312665Z 6115610000 6115610 0
2025-09-12T06:12:42.375751Z 6115610000 6115610 0
2025-09-12T06:12:42.433019Z 6115610000 6115610 0
2025-09-12T06:12:42.489110Z 6115610000 6115610 0
2025-09-12T06:12:42.551232Z 6115610000 6115610 0
2025-09-12T06:12:42.604422Z 6115610000 6115610 0
2025-09-12T06:12:42.669864Z 6115610000 6115610 0
2025-09-12T06:12:42.729838Z 6115610000 6115610 0
2025-09-12T06:12:42.785246Z 6115610000 6115610 0
2025-09-12T06:12:42.846200Z 6115610000 6115610 0
2025-09-12T06:12:42.907406Z 6115610000 6115610 0
2025-09-12T06:12:42.965602Z 6115610000 6115610 0
2025-09-12T06:12:43.028899Z 6115610000 6115610 0
2025-09-12T06:12:43.096419Z 6115610000 6115610 0
2025-09-12T06:12:43.162957Z 6115610000 6115610 0
2025-09-12T06:12:43.224087Z 6115610000 6115610 0
2025-09-12T06:12:43.282927Z 6115610000 6115610 0
2025-09-12T06:12:43.346969Z 6115610000 6115610 0
2025-09-12T06:12:43.417064Z 6115610000 6115610 0
2025-09-12T06:12:43.480602Z 6115610000 6115610 0
2025-09-12T06:12:43.546398Z 6115610000 6115610 0
2025-09-12T06:12:43.602045Z 6115610000 6115610 0
2025-09-12T06:12:43.668088Z 6115610000 6115610 0
2025-09-12T06:12:43.729222Z 6115610000 6115610 0
2025-09-12T06:12:43.796058Z 6115610000 6115610 0
2025-09-12T06:12:43.855878Z 6115610000 6115610 0
2025-09-12T06:12:43.926867Z 6115610000 6115610 0
2025-09-12T06:12:43.997066Z 6115610000 6115610 0
2025-09-12T06:12:44.058167Z 6115610000 6115610 0
2025-09-12T06:12:44.114519Z 6115610000 6115610 0
2025-09-12T06:12:44.173716Z 6115610000 6115610 0
2025-09-12T06:12:44.239847Z 6115610000 6115610 0
2025-09-12T06:12:44.304240Z 6115610000 6115610 0
2025-09-12T06:12:44.360774Z 6115610000 6115610 0
2025-09-12T06:12:44.423003Z 6115610000 6115610 0
2025-09-12T06:12:44.495400Z 6115610000 6115610 0
2025-09-12T06:12:44.552020Z 6115610000 6115610 0
2025-09-12T06:12:44.616404Z 6115610000 6115610 0
2025-09-12T06:12:44.682304Z 6115610000 6115610 0
2025-09-12T06:12:44.747250Z 6115610000 6115610 0
2025-09-12T06:12:44.812252Z 6115610000 6115610 0
2025-09-12T06:12:44.879671Z 6115610000 6115610 0
2025-09-12T06:12:44.941244Z 6115610000 6115610 0
2025-09-12T06:12:45.013189Z 6115610000 6115610 0
2025-09-12T06:12:45.078134Z 6115610000 6115610 0
2025-09-12T06:12:45.141592Z 6115610000 6115610 0
2025-09-12T06:12:45.210216Z 6115610000 6115610 0
2025-09-12T06:12:45.270740Z 6115610000 6115610 0
2025-09-12T06:12:45.330414Z 6115610000 6115610 0
2025-09-12T06:12:45.387008Z 6115610000 6115610 0
2025-09-12T06:12:45.450041Z 6115610000 6115610 0
2025-09-12T06:12:45.516821Z 6115610000 6115610 0
2025-09-12T06:12:45.583878Z 6115610000 6115610 0
2025-09-12T06:12:45.638131Z 6115610000 6115610 0
2025-09-12T06:12:45.699481Z 6115610000 6115610 0
2025-09-12T06:12:45.760888Z 6115610000 6115610 0
2025-09-12T06:12:45.816808Z 6115610000 6115610 0
2025-09-12T06:12:45.875247Z 6115610000 6115610 0
2025-09-12T06:12:45.934985Z 6115610000 6115610 0
2025-09-12T06:12:46.002994Z 6115610000 6115610 0
2025-09-12T06:12:46.067769Z 6115610000 6115610 0
2025-09-12T06:12:46.126629Z 6115610000 6115610 0
2025-09-12T06:12:46.192994Z 6115610000 6115610 0
2025-09-12T06:12:46.254745Z 6115610000 6115610 0
2025-09-12T06:12:46.318843Z 6115610000 6115610 0
2025-09-12T06:12:46.384099Z 6115610000 6115610 0
2025-09-12T06:12:46.446176Z 6115610000 6115610 0
2025-09-12T06:12:46.513653Z 6115610000 6115610 0
2025-09-12T06:12:46.570365Z 6115610000 6115610 0
2025-09-12T06:12:46.635375Z 6115610000 6115610 0
2025-09-12T06:12:46.696256Z 6115610000 6115610 0
2025-09-12T06:12:46.755852Z 6115610000 6115610 0
2025-09-12T06:12:46.818771Z 6115610000 6115610 0
2025-09-12T06:12:46.879750Z 6115610000 6115610 0
2025-09-12T06:12:46.943786Z 6115610000 6115610 0
2025-09-12T06:12:46.999934Z 6115610000 6115610 0
2025-09-12T06:12:47.066120Z 6115610000 6115610 0
2025-09-12T06:12:47.121142Z 6115610000 6115610 0
2025-09-12T06:12:47.179454Z 6115610000 6115610 0
2025-09-12T06:12:47.234594Z 6115610000 6115610 0
2025-09-12T06:12:47.295025Z 6115610000 6115610 0
2025-09-12T06:12:47.352134Z 6115610000 6115610 0
2025-09-12T06:12:47.407855Z 6115610000 6115610 0
2025-09-12T06:12:47.464410Z 6115610000 6115610 0
2025-09-12T06:12:47.526754Z 6115610000 6115610 0
2025-09-12T06:12:47.593410Z 6115610000 6115610 0
2025-09-12T06:12:47.652253Z 6115610000 6115610 0
2025-09-12T06:12:47.715110Z 6115610000 6115610 0
2025-09-12T06:12:47.768502Z 6115610000 6115610 0
2025-09-12T06:12:47.815774Z 6115610000 6115610 0
2025-09-12T06:12:47.870588Z 6115610000 6115610 0
2025-09-12T06:12:47.928593Z 6115610000 6115610 0
2025-09-12T06:12:47.983917Z 6115610000 6115610 0
2025-09-12T06:12:48.031349Z 6115610000 6115610 0
2025-09-12T06:12:48.092689Z 6115610000 6115610 0
2025-09-12T06:12:48.154598Z 6115610000 6115610 0
2025-09-12T06:12:48.216127Z 6115610000 6115610 0
2025-09-12T06:12:48.284070Z 6115610000 6115610 0
2025-09-12T06:12:48.347294Z 6115610000 6115610 0
2025-09-12T06:12:48.404844Z 6115610000 6115610 0
2025-09-12T06:12:48.458538Z 6115610000 6115610 0
2025-09-12T06:12:48.516914Z 6115610000 6115610 0
2025-09-12T06:12:48.565508Z 6115610000 6115610 0
2025-09-12T06:12:48.622988Z 6115610000 6115610 0
2025-09-12T06:12:48.688469Z 6115610000 6115610 0
2025-09-12T06:12:48.748607Z 6115610000 6115610 0
2025-09-12T06:12:48.806573Z 6115610000 6115610 0
2025-09-12T06:12:48.869653Z 6115610000 6115610 0
2025-09-12T06:12:48.925743Z 6115610000 6115610 0
2025-09-12T06:12:48.989494Z 6115610000 6115610 0
2025-09-12T06:12:49.047380Z 6115610000 6115610 0
2025-09-12T06:12:49.106306Z 6115610000 6115610 0
2025-09-12T06:12:49.169640Z 6115610000 6115610 0
2025-09-12T06:12:49.232248Z 6115610000 6115610 0
2025-09-12T06:12:49.295595Z 6115610000 6115610 0
2025-09-12T06:12:49.361197Z 6115610000 6115610 0
2025-09-12T06:12:49.416247Z 6115610000 6115610 0
2025-09-12T06:12:49.478239Z 6115610000 6115610 0
2025-09-12T06:12:49.542504Z 6115610000 6115610 0
2025-09-12T06:12:49.602577Z 6115610000 6115610 0
2025-09-12T06:12:49.663997Z 6115610000 6115610 0
2025-09-12T06:12:49.724365Z 6115610000 6115610 0
2025-09-12T06:12:49.788464Z 6115610000 6115610 0
2025-09-12T06:12:49.838722Z 6115610000 6115610 0
2025-09-12T06:12:49.896129Z 6115610000 6115610 0
2025-09-12T06:12:49.959521Z 6115610000 6115610 0
2025-09-12T06:12:50.016956Z 6115610000 6115610 0
2025-09-12T06:12:50.078944Z 6115610000 6115610 0
2025-09-12T06:12:50.142571Z 6115610000 6115610 0
2025-09-12T06:12:50.201417Z 6115610000 6115610 0
2025-09-12T06:12:50.265148Z 6115610000 6115610 0
2025-09-12T06:12:50.318966Z 6115610000 6115610 0
